start|00-06|06-12|12-18|18-24|total|latitude|longitude
(40.641,-73.789)|1290|2329|6397|9298|19314|40.641|-73.789
(40.642,-73.788)|4287|8969|25159|33910|72325|40.642|-73.788
(40.642,-73.789)|2643|6288|19595|23542|52068|40.642|-73.789
(40.643,-73.789)|792|3343|10677|9682|24494|40.643|-73.789
(40.643,-73.79)|1439|7317|18367|17350|44473|40.643|-73.79
(40.644,-73.782)|4861|8341|15918|15396|44516|40.644|-73.782
(40.644,-73.783)|6708|6990|19946|20514|54158|40.644|-73.783
(40.644,-73.784)|200|575|1243|706|2724|40.644|-73.784
(40.644,-73.79)|8240|26510|95299|108260|238309|40.644|-73.79
(40.644,-73.791)|1000|2781|10747|12869|27397|40.644|-73.791
(40.645,-73.776)|734|1176|3814|3908|9632|40.645|-73.776
(40.645,-73.777)|52309|106691|119614|171371|449985|40.645|-73.777
(40.645,-73.781)|8820|16528|25648|21430|72426|40.645|-73.781
(40.645,-73.782)|91495|148217|223417|229417|692546|40.645|-73.782
(40.646,-73.776)|715|1130|2753|2653|7251|40.646|-73.776
(40.646,-73.777)|11842|26053|30765|23090|91750|40.646|-73.777
(40.647,-73.778)|2472|6387|7549|5630|22038|40.647|-73.778
(40.647,-73.789)|9840|17029|34290|31743|92902|40.647|-73.789
(40.647,-73.79)|27452|60476|95123|94017|277068|40.647|-73.79
(40.649,-73.782)|172|466|850|253|1741|40.649|-73.782
(40.649,-73.783)|7318|10752|26901|38901|83872|40.649|-73.783
(40.649,-73.784)|14112|24586|53638|70695|163031|40.649|-73.784
(40.649,-73.785)|2794|5046|13438|14903|36181|40.649|-73.785
(40.656,-73.794)|150|239|423|492|1304|40.656|-73.794
(40.656,-73.795)|97|154|284|442|977|40.656|-73.795
(40.657,-73.793)|208|469|1147|852|2676|40.657|-73.793
(40.657,-73.794)|961|1352|2161|2835|7309|40.657|-73.794
(40.657,-73.795)|181|267|438|587|1473|40.657|-73.795
(40.662,-73.931)|91|143|376|69|679|40.662|-73.931
(40.666,-73.785)|29|16|23|55|123|40.666|-73.785
(40.666,-73.807)|16|20|24|56|116|40.666|-73.807
(40.667,-73.798)|38|64|128|122|352|40.667|-73.798
(40.667,-73.799)|36|69|120|139|364|40.667|-73.799
(40.668,-73.795)|8|14|16|28|66|40.668|-73.795
(40.668,-73.796)|34|53|84|124|295|40.668|-73.796
(40.673,-73.987)|352|1205|951|584|3092|40.673|-73.987
(40.68,-73.982)|414|316|369|512|1611|40.68|-73.982
(40.683,-73.98)|319|306|405|353|1383|40.683|-73.98
(40.683,-73.981)|115|242|427|299|1083|40.683|-73.981
(40.688,-74.182)|208|263|325|78|874|40.688|-74.182
(40.688,-74.183)|123|256|287|76|742|40.688|-74.183
(40.69,-74.178)|66|148|556|183|953|40.69|-74.178
(40.691,-74.177)|48|130|456|158|792|40.691|-74.177
(40.692,-73.984)|95|131|154|309|689|40.692|-73.984
(40.693,-73.989)|1278|2433|3010|4346|11067|40.693|-73.989
(40.693,-74.186)|330|431|608|811|2180|40.693|-74.186
(40.695,-74.177)|257|809|1207|365|2638|40.695|-74.177
(40.695,-74.178)|58|189|310|92|649|40.695|-74.178
(40.702,-74.011)|459|2174|6831|6499|15963|40.702|-74.011
(40.702,-74.013)|6978|17377|34994|33627|92976|40.702|-74.013
(40.702,-74.014)|1067|1698|4940|5079|12784|40.702|-74.014
(40.703,-74.012)|3657|6530|15837|17674|43698|40.703|-74.012
(40.703,-74.014)|719|2928|7696|4382|15725|40.703|-74.014
(40.704,-74.009)|7290|12969|21789|28701|70749|40.704|-74.009
(40.704,-74.012)|3142|5067|7957|13335|29501|40.704|-74.012
(40.704,-74.013)|1447|3786|4595|6070|15898|40.704|-74.013
(40.704,-74.014)|1007|4917|16796|5524|28244|40.704|-74.014
(40.705,-74.007)|5944|17134|23922|32552|79552|40.705|-74.007
(40.705,-74.008)|8122|27970|29832|35144|101068|40.705|-74.008
(40.705,-74.015)|1155|6593|15937|5862|29547|40.705|-74.015
(40.705,-74.016)|3177|12297|14452|12222|42148|40.705|-74.016
(40.705,-74.017)|4383|20019|28833|24702|77937|40.705|-74.017
(40.706,-74.006)|3991|10536|23266|26780|64573|40.706|-74.006
(40.707,-74.004)|5329|14550|22592|23240|65711|40.707|-74.004
(40.707,-74.005)|7158|13248|25104|32055|77565|40.707|-74.005
(40.708,-74.012)|4320|6267|9962|12873|33422|40.708|-74.012
(40.708,-74.017)|1174|22378|9774|7301|40627|40.708|-74.017
(40.709,-74.014)|2103|7081|7815|7435|24434|40.709|-74.014
(40.709,-74.015)|2430|17410|15009|12323|47172|40.709|-74.015
(40.709,-74.017)|1094|18688|8192|7271|35245|40.709|-74.017
(40.71,-74.014)|1500|5950|5508|5685|18643|40.71|-74.014
(40.71,-74.015)|4133|18424|17741|18344|58642|40.71|-74.015
(40.71,-74.016)|1952|12216|10194|10196|34558|40.71|-74.016
(40.711,-74.01)|2345|11144|16063|12882|42434|40.711|-74.01
(40.711,-74.015)|777|6329|9645|4900|21651|40.711|-74.015
(40.711,-74.016)|7538|62382|50183|43419|163522|40.711|-74.016
(40.713,-74.011)|620|3241|4654|4913|13428|40.713|-74.011
(40.713,-74.014)|1032|8451|35339|18107|62929|40.713|-74.014
(40.714,-74.012)|596|7234|9360|6637|23827|40.714|-74.012
(40.714,-74.014)|3753|14215|48925|30516|97409|40.714|-74.014
(40.714,-74.015)|6136|16142|44522|45085|111885|40.714|-74.015
(40.715,-74.013)|2998|4284|12177|16616|36075|40.715|-74.013
(40.715,-74.014)|1893|7435|14864|14872|39064|40.715|-74.014
(40.715,-74.015)|1532|6227|14545|18091|40395|40.715|-74.015
(40.715,-74.016)|3962|48141|48904|51719|152726|40.715|-74.016
(40.716,-73.756)|6|329|246|50|631|40.716|-73.756
(40.716,-74.005)|1542|7367|7446|4787|21142|40.716|-74.005
(40.716,-74.007)|8309|25484|21079|28333|83205|40.716|-74.007
(40.716,-74.009)|10585|12455|14176|29343|66559|40.716|-74.009
(40.716,-74.015)|2004|35472|18346|18475|74297|40.716|-74.015
(40.717,-74.015)|428|16455|5391|3603|25877|40.717|-74.015
(40.718,-74.0)|12400|14350|26498|31791|85039|40.718|-74.0
(40.718,-74.015)|522|18725|3217|2839|25303|40.718|-74.015
(40.719,-73.989)|79590|5479|10123|32304|127496|40.719|-73.989
(40.719,-73.99)|54803|15554|21577|43156|135090|40.719|-73.99
(40.719,-74.005)|29880|23743|21802|40588|116013|40.719|-74.005
(40.719,-74.009)|5755|16458|17497|41044|80754|40.719|-74.009
(40.719,-74.01)|3427|11955|11324|21688|48394|40.719|-74.01
(40.72,-73.988)|57582|7360|11151|39060|115153|40.72|-73.988
(40.72,-74.0)|2246|5050|6047|7618|20961|40.72|-74.0
(40.72,-74.005)|25481|16377|19562|39861|101281|40.72|-74.005
(40.72,-74.009)|6095|15777|13291|24955|60118|40.72|-74.009
(40.72,-74.01)|8890|23532|32963|48461|113846|40.72|-74.01
(40.721,-73.988)|53467|1520|2921|25410|83318|40.721|-73.988
(40.721,-73.993)|3185|1061|1852|5057|11155|40.721|-73.993
(40.721,-73.997)|33393|6246|13599|35955|89193|40.721|-73.997
(40.721,-74.004)|8095|9994|8109|10384|36582|40.721|-74.004
(40.721,-74.005)|19595|17373|14379|25089|76436|40.721|-74.005
(40.721,-74.008)|2056|9274|9501|10236|31067|40.721|-74.008
(40.721,-74.01)|9570|23578|38926|51439|123513|40.721|-74.01
(40.722,-73.984)|8077|16840|14434|19002|58353|40.722|-73.984
(40.722,-73.986)|32764|14364|16894|28118|92140|40.722|-73.986
(40.722,-73.987)|34024|8116|15818|33181|91139|40.722|-73.987
(40.722,-73.989)|35222|17042|18197|45500|115961|40.722|-73.989
(40.722,-73.997)|25678|25808|41697|74130|167313|40.722|-73.997
(40.722,-74.004)|16891|24891|23751|39082|104615|40.722|-74.004
(40.722,-74.008)|1915|18024|9787|11171|40897|40.722|-74.008
(40.722,-74.01)|523|5626|6310|9489|21948|40.722|-74.01
(40.722,-74.011)|83|1674|664|626|3047|40.722|-74.011
(40.723,-73.983)|15648|6698|7802|20464|50612|40.723|-73.983
(40.723,-73.986)|29105|11094|11248|26859|78306|40.723|-73.986
(40.723,-73.988)|35322|16891|19987|42260|114460|40.723|-73.988
(40.723,-73.989)|30319|12144|13925|33959|90347|40.723|-73.989
(40.723,-74.005)|10161|13689|17290|33795|74935|40.723|-74.005
(40.723,-74.008)|4242|23762|18256|22619|68879|40.723|-74.008
(40.724,-73.979)|15264|7204|6638|18407|47513|40.724|-73.979
(40.724,-73.985)|20085|19506|18945|32497|91033|40.724|-73.985
(40.724,-73.988)|22919|21493|18251|31481|94144|40.724|-73.988
(40.724,-73.991)|20938|7285|10874|26023|65120|40.724|-73.991
(40.724,-73.996)|11461|14525|26834|36637|89457|40.724|-73.996
(40.724,-73.998)|6248|12060|31000|33470|82778|40.724|-73.998
(40.725,-73.978)|18894|5524|4479|14608|43505|40.725|-73.978
(40.725,-73.984)|37309|12521|11595|33845|95270|40.725|-73.984
(40.725,-73.987)|16979|21318|17354|23175|78826|40.725|-73.987
(40.725,-73.992)|31870|15947|18747|57222|123786|40.725|-73.992
(40.725,-73.995)|23841|25258|37737|64158|150994|40.725|-73.995
(40.725,-73.996)|16913|17232|37665|48011|119821|40.725|-73.996
(40.725,-73.997)|7890|11623|30978|31722|82213|40.725|-73.997
(40.725,-73.999)|3826|9321|30121|29712|72980|40.725|-73.999
(40.725,-74.008)|1277|7447|8798|8304|25826|40.725|-74.008
(40.726,-73.977)|4087|4305|3499|4918|16809|40.726|-73.977
(40.726,-73.984)|43073|10868|11705|37887|103533|40.726|-73.984
(40.726,-73.992)|66924|18522|27173|77915|190534|40.726|-73.992
(40.726,-73.995)|11693|15811|24587|35469|87560|40.726|-73.995
(40.726,-73.996)|5610|10835|23527|22586|62558|40.726|-73.996
(40.726,-74.004)|9750|21136|30560|37754|99200|40.726|-74.004
(40.726,-74.006)|6992|14620|16198|25305|63115|40.726|-74.006
(40.726,-74.008)|11687|10706|11444|19480|53317|40.726|-74.008
(40.726,-74.009)|9281|8024|6516|14426|38247|40.726|-74.009
(40.727,-73.986)|24635|23154|23070|49934|120793|40.727|-73.986
(40.727,-73.989)|24734|9027|9786|36661|80208|40.727|-73.989
(40.727,-73.992)|64793|10603|14320|49867|139583|40.727|-73.992
(40.727,-73.994)|18327|11978|21039|33294|84638|40.727|-73.994
(40.727,-74.0)|25099|18066|33770|51000|127935|40.727|-74.0
(40.727,-74.003)|7013|20118|23952|35383|86466|40.727|-74.003
(40.727,-74.006)|3826|8585|9800|13439|35650|40.727|-74.006
(40.727,-74.007)|3082|10020|21344|19610|54056|40.727|-74.007
(40.728,-73.982)|20647|15788|16777|28694|81906|40.728|-73.982
(40.728,-73.985)|35869|26483|31343|61463|155158|40.728|-73.985
(40.728,-73.988)|18933|10667|12233|32883|74716|40.728|-73.988
(40.728,-73.991)|18182|17718|17719|39727|93346|40.728|-73.991
(40.728,-73.993)|7621|19293|27840|34657|89411|40.728|-73.993
(40.728,-73.999)|38730|6762|9835|27500|82827|40.728|-73.999
(40.728,-74.003)|11362|16909|19622|37746|85639|40.728|-74.003
(40.728,-74.005)|6989|7287|11941|17725|43942|40.728|-74.005
(40.728,-74.007)|2487|12963|23319|15316|54085|40.728|-74.007
(40.729,-73.976)|1990|5854|4474|4473|16791|40.729|-73.976
(40.729,-73.978)|14135|10872|9635|15338|49980|40.729|-73.978
(40.729,-73.984)|14978|22792|27619|43798|109187|40.729|-73.984
(40.729,-73.987)|51916|13432|15377|41009|121734|40.729|-73.987
(40.729,-73.988)|21955|6787|9570|26568|64880|40.729|-73.988
(40.729,-73.99)|28619|11177|19413|44066|103275|40.729|-73.99
(40.729,-73.992)|5851|7264|9963|28267|51345|40.729|-73.992
(40.729,-74.003)|8566|12148|13500|24835|59049|40.729|-74.003
(40.729,-74.005)|15535|6681|12199|27820|62235|40.729|-74.005
(40.729,-74.007)|3057|8989|16058|13677|41781|40.729|-74.007
(40.73,-73.978)|7209|16484|11588|13166|48447|40.73|-73.978
(40.73,-73.979)|3670|5376|4880|5949|19875|40.73|-73.979
(40.73,-73.981)|35101|10754|10598|26561|83014|40.73|-73.981
(40.73,-73.987)|21020|12847|12426|29246|75539|40.73|-73.987
(40.73,-73.989)|15695|9190|14890|30433|70208|40.73|-73.989
(40.73,-73.99)|37782|12864|19760|48003|118409|40.73|-73.99
(40.73,-73.991)|9813|22928|31408|37665|101814|40.73|-73.991
(40.73,-73.993)|13300|22204|24709|31800|92013|40.73|-73.993
(40.73,-74.002)|22895|28546|30976|54463|136880|40.73|-74.002
(40.73,-74.004)|6075|1471|2682|10707|20935|40.73|-74.004
(40.73,-74.007)|5862|18373|17818|28005|70058|40.73|-74.007
(40.731,-73.981)|6681|11844|10961|13448|42934|40.731|-73.981
(40.731,-73.982)|17133|19129|19476|24872|80610|40.731|-73.982
(40.731,-73.983)|30228|26023|30815|53468|140534|40.731|-73.983
(40.731,-73.986)|18872|10675|11641|31723|72911|40.731|-73.986
(40.731,-73.989)|34804|17932|22367|49328|124431|40.731|-73.989
(40.731,-73.99)|5507|10860|13266|17922|47555|40.731|-73.99
(40.731,-73.991)|3508|11055|17907|17394|49864|40.731|-73.991
(40.731,-73.992)|8235|23693|26501|27070|85499|40.731|-73.992
(40.731,-74.001)|48708|19976|25194|59535|153413|40.731|-74.001
(40.731,-74.002)|15480|13134|14246|27595|70455|40.731|-74.002
(40.731,-74.007)|9801|24042|20155|30122|84120|40.731|-74.007
(40.732,-73.982)|17911|37471|31106|33342|119830|40.732|-73.982
(40.732,-73.985)|36142|14660|19560|40899|111261|40.732|-73.985
(40.732,-73.988)|39263|25844|25950|51416|142473|40.732|-73.988
(40.732,-73.989)|8729|3264|2965|6903|21861|40.732|-73.989
(40.732,-73.99)|8197|13881|14830|18334|55242|40.732|-73.99
(40.732,-73.996)|6794|16715|14568|25356|63433|40.732|-73.996
(40.732,-74.001)|38148|33739|36867|70060|178814|40.732|-74.001
(40.732,-74.007)|5568|24550|14998|16951|62067|40.732|-74.007
(40.732,-74.008)|1749|34119|7715|5809|49392|40.732|-74.008
(40.733,-73.981)|5948|18381|22182|21695|68206|40.733|-73.981
(40.733,-73.982)|5774|14785|17035|17870|55464|40.733|-73.982
(40.733,-73.985)|10926|7325|8272|14654|41177|40.733|-73.985
(40.733,-73.987)|39963|27357|36642|63677|167639|40.733|-73.987
(40.733,-73.988)|28785|14945|18145|37547|99422|40.733|-73.988
(40.733,-73.99)|12198|26920|28171|34024|101313|40.733|-73.99
(40.733,-73.991)|5488|21362|28456|28551|83857|40.733|-73.991
(40.733,-73.996)|6661|31692|21974|28499|88826|40.733|-73.996
(40.733,-74.0)|28045|41458|41699|56760|167962|40.733|-74.0
(40.733,-74.003)|42000|15814|21369|52989|132172|40.733|-74.003
(40.733,-74.006)|28262|30754|23945|38685|121646|40.733|-74.006
(40.733,-74.007)|4892|20142|11231|14720|50985|40.733|-74.007
(40.734,-73.952)|589|481|790|643|2503|40.734|-73.952
(40.734,-73.981)|8030|30767|24884|25043|88724|40.734|-73.981
(40.734,-73.983)|1309|5716|6543|7167|20735|40.734|-73.983
(40.734,-73.987)|12761|25186|21251|27919|87117|40.734|-73.987
(40.734,-73.989)|12826|8951|13272|22685|57734|40.734|-73.989
(40.734,-73.99)|20952|29287|46962|65432|162633|40.734|-73.99
(40.734,-73.991)|15127|15892|29914|44671|105604|40.734|-73.991
(40.734,-73.999)|21767|40865|48652|64014|175298|40.734|-73.999
(40.734,-74.003)|62827|14489|21347|70116|168779|40.734|-74.003
(40.734,-74.006)|23965|32447|25054|43755|125221|40.734|-74.006
(40.735,-73.98)|8352|26042|25191|28741|88326|40.735|-73.98
(40.735,-73.983)|6982|19298|15555|20340|62175|40.735|-73.983
(40.735,-73.986)|12241|34682|30934|37985|115842|40.735|-73.986
(40.735,-73.988)|7566|2870|5857|19632|35925|40.735|-73.988
(40.735,-73.99)|20894|37338|54073|61178|173483|40.735|-73.99
(40.735,-73.991)|27285|30031|45696|59596|162608|40.735|-73.991
(40.735,-73.992)|18730|13304|24164|38889|95087|40.735|-73.992
(40.735,-73.994)|6782|18771|22985|29263|77801|40.735|-73.994
(40.735,-73.998)|6096|17187|16638|21765|61686|40.735|-73.998
(40.735,-73.999)|12242|23973|25794|38955|100964|40.735|-73.999
(40.735,-74.002)|17894|10981|13640|29466|71981|40.735|-74.002
(40.735,-74.006)|11517|22713|18924|29261|82415|40.735|-74.006
(40.736,-73.979)|5500|20350|19367|20170|65387|40.736|-73.979
(40.736,-73.985)|9850|36329|25987|31855|104021|40.736|-73.985
(40.736,-73.989)|7663|18968|31799|35150|93580|40.736|-73.989
(40.736,-73.993)|8907|18123|19983|23406|70419|40.736|-73.993
(40.736,-73.994)|10378|25529|33512|35963|105382|40.736|-73.994
(40.736,-73.998)|7973|36328|31951|36424|112676|40.736|-73.998
(40.736,-74.006)|15131|20349|19900|34980|90360|40.736|-74.006
(40.737,-73.978)|3411|18459|17505|13251|52626|40.737|-73.978
(40.737,-73.979)|6040|20701|23803|24132|74676|40.737|-73.979
(40.737,-73.982)|4288|20343|13729|15377|53737|40.737|-73.982
(40.737,-73.984)|11685|15196|15782|21717|64380|40.737|-73.984
(40.737,-73.985)|9909|16543|13809|20356|60617|40.737|-73.985
(40.737,-73.987)|4851|5308|6204|15029|31392|40.737|-73.987
(40.737,-73.988)|6238|8818|15636|24499|55191|40.737|-73.988
(40.737,-73.989)|20090|44977|72734|88101|225902|40.737|-73.989
(40.737,-73.99)|4636|7720|18774|28583|59713|40.737|-73.99
(40.737,-73.991)|6065|5288|11484|20745|43582|40.737|-73.991
(40.737,-73.993)|8646|33417|39896|37233|119192|40.737|-73.993
(40.737,-73.996)|4202|5545|8327|11305|29379|40.737|-73.996
(40.737,-73.997)|23204|47209|54331|70497|195241|40.737|-73.997
(40.737,-74.001)|14664|19618|19272|34449|88003|40.737|-74.001
(40.737,-74.005)|6043|19093|17573|18664|61373|40.737|-74.005
(40.737,-74.006)|4688|11589|12336|15272|43885|40.737|-74.006
(40.738,-73.977)|1054|5349|6015|5820|18238|40.738|-73.977
(40.738,-73.978)|2064|10540|16070|11569|40243|40.738|-73.978
(40.738,-73.981)|11536|34196|28337|34625|108694|40.738|-73.981
(40.738,-73.984)|14827|37533|28189|42038|122587|40.738|-73.984
(40.738,-73.988)|32605|39722|64503|103506|240336|40.738|-73.988
(40.738,-73.99)|5085|8234|25216|32272|70807|40.738|-73.99
(40.738,-73.992)|10438|25462|50737|45319|131956|40.738|-73.992
(40.738,-73.996)|6866|25765|22806|23076|78513|40.738|-73.996
(40.738,-73.997)|11448|15261|16575|20800|64084|40.738|-73.997
(40.738,-74.0)|19883|28793|30100|40646|119422|40.738|-74.0
(40.738,-74.004)|20022|21430|20324|40355|102131|40.738|-74.004
(40.738,-74.005)|4767|12881|11574|16190|45412|40.738|-74.005
(40.738,-74.006)|5528|9142|9463|15324|39457|40.738|-74.006
(40.738,-74.008)|14476|17626|15040|25092|72234|40.738|-74.008
(40.739,-73.977)|3014|10826|15040|13354|42234|40.739|-73.977
(40.739,-73.978)|158|539|720|676|2093|40.739|-73.978
(40.739,-73.98)|6503|23784|17447|22492|70226|40.739|-73.98
(40.739,-73.983)|26693|37685|36469|54586|155433|40.739|-73.983
(40.739,-73.984)|8528|6333|6264|9808|30933|40.739|-73.984
(40.739,-73.985)|11756|12535|9970|20033|54294|40.739|-73.985
(40.739,-73.987)|14411|43865|47751|64422|170449|40.739|-73.987
(40.739,-73.988)|6955|8696|12918|24559|53128|40.739|-73.988
(40.739,-73.99)|4348|8600|20989|29991|63928|40.739|-73.99
(40.739,-73.991)|5057|15532|33023|28210|81822|40.739|-73.991
(40.739,-73.992)|3259|14458|27467|25451|70635|40.739|-73.992
(40.739,-73.993)|837|2726|5610|5797|14970|40.739|-73.993
(40.739,-73.995)|7007|10328|18067|23201|58603|40.739|-73.995
(40.739,-73.996)|9924|27559|30211|33934|101628|40.739|-73.996
(40.739,-73.999)|8206|16185|16948|23440|64779|40.739|-73.999
(40.739,-74.0)|25124|13719|14952|24911|78706|40.739|-74.0
(40.739,-74.002)|25136|3113|4426|11762|44437|40.739|-74.002
(40.739,-74.003)|15098|26212|31334|37620|110264|40.739|-74.003
(40.739,-74.004)|5560|5702|6291|9128|26681|40.739|-74.004
(40.739,-74.006)|17631|7456|17659|24187|66933|40.739|-74.006
(40.739,-74.007)|12256|3076|5681|8493|29506|40.739|-74.007
(40.739,-74.008)|9372|34577|35164|29679|108792|40.739|-74.008
(40.74,-73.976)|7137|18352|22806|26296|74591|40.74|-73.976
(40.74,-73.977)|1409|4816|6685|4981|17891|40.74|-73.977
(40.74,-73.979)|7728|17241|12440|21149|58558|40.74|-73.979
(40.74,-73.98)|2941|8197|7054|10247|28439|40.74|-73.98
(40.74,-73.982)|8920|29684|21456|30875|90935|40.74|-73.982
(40.74,-73.983)|3185|15758|8055|9813|36811|40.74|-73.983
(40.74,-73.984)|3512|10677|8631|13440|36260|40.74|-73.984
(40.74,-73.985)|5200|9253|10413|17724|42590|40.74|-73.985
(40.74,-73.986)|10367|25293|33287|42111|111058|40.74|-73.986
(40.74,-73.987)|10977|29892|32616|44717|118202|40.74|-73.987
(40.74,-73.989)|4013|5938|10401|19861|40213|40.74|-73.989
(40.74,-73.99)|8549|12151|23931|27556|72187|40.74|-73.99
(40.74,-73.991)|8867|24788|41588|35028|110271|40.74|-73.991
(40.74,-73.995)|8026|39424|116690|91599|255739|40.74|-73.995
(40.74,-73.996)|655|2797|7256|6267|16975|40.74|-73.996
(40.74,-73.999)|8883|17103|16672|20907|63565|40.74|-73.999
(40.74,-74.002)|58686|32792|40621|56227|188326|40.74|-74.002
(40.74,-74.003)|24269|17758|21686|32769|96482|40.74|-74.003
(40.74,-74.005)|41297|4692|12619|22307|80915|40.74|-74.005
(40.74,-74.006)|88910|17367|49287|120897|276461|40.74|-74.006
(40.74,-74.008)|28195|4746|23641|46053|102635|40.74|-74.008
(40.741,-73.935)|288|513|703|479|1983|40.741|-73.935
(40.741,-73.975)|1830|7735|8480|6727|24772|40.741|-73.975
(40.741,-73.976)|2630|8592|9655|11520|32397|40.741|-73.976
(40.741,-73.979)|10927|26815|19919|29807|87468|40.741|-73.979
(40.741,-73.981)|9833|22547|15458|24617|72455|40.741|-73.981
(40.741,-73.982)|12477|25042|16683|27743|81945|40.741|-73.982
(40.741,-73.983)|1533|5213|5568|7998|20312|40.741|-73.983
(40.741,-73.984)|2459|9076|9738|12896|34169|40.741|-73.984
(40.741,-73.985)|1658|5431|11483|11488|30060|40.741|-73.985
(40.741,-73.986)|15820|27007|45303|61136|149266|40.741|-73.986
(40.741,-73.987)|10007|5012|6523|12511|34053|40.741|-73.987
(40.741,-73.988)|9764|11746|24977|32908|79395|40.741|-73.988
(40.741,-73.989)|6142|14587|19408|23088|63225|40.741|-73.989
(40.741,-73.99)|6833|23492|42525|34647|107497|40.741|-73.99
(40.741,-73.993)|23301|4474|5956|16623|50354|40.741|-73.993
(40.741,-73.994)|15427|30505|49746|54301|149979|40.741|-73.994
(40.741,-73.998)|16458|24868|32439|34757|108522|40.741|-73.998
(40.741,-74.001)|10144|14658|15666|17958|58426|40.741|-74.001
(40.741,-74.002)|18192|24803|36473|41015|120483|40.741|-74.002
(40.741,-74.005)|55888|18590|45499|65730|185707|40.741|-74.005
(40.741,-74.006)|30499|7811|25991|43569|107870|40.741|-74.006
(40.741,-74.007)|21756|4350|12345|27370|65821|40.741|-74.007
(40.741,-74.008)|65119|19050|30250|67987|182406|40.741|-74.008
(40.742,-73.954)|493|615|1568|1742|4418|40.742|-73.954
(40.742,-73.975)|6577|50845|58916|52286|168624|40.742|-73.975
(40.742,-73.976)|231|993|1540|1401|4165|40.742|-73.976
(40.742,-73.978)|15489|27426|33183|39707|115805|40.742|-73.978
(40.742,-73.981)|20738|39793|27174|50224|137929|40.742|-73.981
(40.742,-73.983)|8595|18821|21511|42736|91663|40.742|-73.983
(40.742,-73.984)|3141|2145|5138|16833|27257|40.742|-73.984
(40.742,-73.985)|17776|21092|43827|67680|150375|40.742|-73.985
(40.742,-73.986)|7715|3764|6889|7116|25484|40.742|-73.986
(40.742,-73.987)|4222|8703|15788|14128|42841|40.742|-73.987
(40.742,-73.989)|7242|13338|38448|46797|105825|40.742|-73.989
(40.742,-73.99)|5049|16406|39413|40082|100950|40.742|-73.99
(40.742,-73.991)|1375|13433|28957|18352|62117|40.742|-73.991
(40.742,-73.993)|15081|24561|37672|43210|120524|40.742|-73.993
(40.742,-73.994)|14397|26220|39389|46396|126402|40.742|-73.994
(40.742,-73.997)|17432|33865|31756|47430|130483|40.742|-73.997
(40.742,-74.001)|21466|27096|33501|47231|129294|40.742|-74.001
(40.742,-74.004)|124551|22023|43766|87661|278001|40.742|-74.004
(40.742,-74.005)|35105|15055|57591|72587|180338|40.742|-74.005
(40.742,-74.006)|17272|956|3593|8802|30623|40.742|-74.006
(40.742,-74.007)|7218|4280|14433|15209|41140|40.742|-74.007
(40.743,-73.974)|7332|19911|14894|20106|62243|40.743|-73.974
(40.743,-73.977)|12246|16738|22509|39515|91008|40.743|-73.977
(40.743,-73.98)|27016|40191|30375|53018|150600|40.743|-73.98
(40.743,-73.981)|4381|7447|6207|11423|29458|40.743|-73.981
(40.743,-73.982)|9731|17430|18591|26821|72573|40.743|-73.982
(40.743,-73.983)|2775|6944|8027|11648|29394|40.743|-73.983
(40.743,-73.984)|21450|29474|38215|59932|149071|40.743|-73.984
(40.743,-73.985)|8434|12713|25735|38955|85837|40.743|-73.985
(40.743,-73.986)|5912|11839|21368|21113|60232|40.743|-73.986
(40.743,-73.987)|3351|13310|24308|21740|62709|40.743|-73.987
(40.743,-73.988)|5741|10723|14339|18149|48952|40.743|-73.988
(40.743,-73.989)|9705|8623|18307|22250|58885|40.743|-73.989
(40.743,-73.992)|7500|22729|26005|32449|88683|40.743|-73.992
(40.743,-73.993)|18872|49349|54644|65516|188381|40.743|-73.993
(40.743,-73.996)|6048|17165|19551|26145|68909|40.743|-73.996
(40.743,-73.997)|5640|15342|14449|21151|56582|40.743|-73.997
(40.743,-74.0)|18694|26639|26026|51539|122898|40.743|-74.0
(40.743,-74.004)|33208|8606|13071|27114|81999|40.743|-74.004
(40.743,-74.007)|9568|8110|22479|34195|74352|40.743|-74.007
(40.743,-74.008)|6406|6266|24982|32936|70590|40.743|-74.008
(40.744,-73.915)|270|247|294|278|1089|40.744|-73.915
(40.744,-73.949)|268|441|528|451|1688|40.744|-73.949
(40.744,-73.973)|9748|51257|32799|38175|131979|40.744|-73.973
(40.744,-73.974)|3851|10696|8730|11516|34793|40.744|-73.974
(40.744,-73.976)|7157|21619|20214|24705|73695|40.744|-73.976
(40.744,-73.977)|4053|14931|13724|16261|48969|40.744|-73.977
(40.744,-73.979)|11133|20088|16128|27874|75223|40.744|-73.979
(40.744,-73.98)|8671|12033|11383|20671|52758|40.744|-73.98
(40.744,-73.981)|8964|18809|15180|26729|69682|40.744|-73.981
(40.744,-73.982)|2946|11436|11297|11620|37299|40.744|-73.982
(40.744,-73.983)|10145|17369|21446|31504|80464|40.744|-73.983
(40.744,-73.984)|33678|40303|42087|68633|184701|40.744|-73.984
(40.744,-73.985)|6021|18126|18041|22001|64189|40.744|-73.985
(40.744,-73.986)|9765|26920|32905|33719|103309|40.744|-73.986
(40.744,-73.988)|31308|24183|31445|61409|148345|40.744|-73.988
(40.744,-73.989)|14793|9511|16662|30988|71954|40.744|-73.989
(40.744,-73.992)|17175|50668|49682|59831|177356|40.744|-73.992
(40.744,-73.995)|6997|12305|14552|20343|54197|40.744|-73.995
(40.744,-73.996)|18443|32053|34152|50980|135628|40.744|-73.996
(40.744,-73.999)|9247|20890|17853|23986|71976|40.744|-73.999
(40.744,-74.0)|5412|7352|8342|13617|34723|40.744|-74.0
(40.744,-74.003)|12737|9755|12486|24281|59259|40.744|-74.003
(40.744,-74.006)|17783|3747|4785|7675|33990|40.744|-74.006
(40.744,-74.007)|101847|24932|26016|42434|195229|40.744|-74.007
(40.745,-73.947)|762|1568|1957|891|5178|40.745|-73.947
(40.745,-73.948)|659|690|793|774|2916|40.745|-73.948
(40.745,-73.949)|1131|2376|2923|2196|8626|40.745|-73.949
(40.745,-73.976)|14615|33001|34519|45466|127601|40.745|-73.976
(40.745,-73.977)|3202|4832|4240|7548|19822|40.745|-73.977
(40.745,-73.978)|14658|11589|11135|22774|60156|40.745|-73.978
(40.745,-73.979)|19753|30087|26352|44306|120498|40.745|-73.979
(40.745,-73.98)|1509|9879|10790|7391|29569|40.745|-73.98
(40.745,-73.981)|16253|33015|25835|36985|112088|40.745|-73.981
(40.745,-73.982)|3406|10532|13992|14660|42590|40.745|-73.982
(40.745,-73.983)|12584|25449|32586|35151|105770|40.745|-73.983
(40.745,-73.985)|9222|32673|35563|37770|115228|40.745|-73.985
(40.745,-73.987)|11331|23355|33333|39851|107870|40.745|-73.987
(40.745,-73.989)|21127|15921|20657|46729|104434|40.745|-73.989
(40.745,-73.991)|19371|43367|40564|59410|162712|40.745|-73.991
(40.745,-73.992)|11283|19586|21978|35577|88424|40.745|-73.992
(40.745,-73.995)|13131|47953|51076|57479|169639|40.745|-73.995
(40.745,-73.998)|14465|17844|21557|34983|88849|40.745|-73.998
(40.745,-73.999)|21771|28094|27014|41657|118536|40.745|-73.999
(40.745,-74.002)|3173|11143|11837|17081|43234|40.745|-74.002
(40.745,-74.006)|10947|18952|24813|28384|83096|40.745|-74.006
(40.746,-73.972)|3976|44385|34869|20051|103281|40.746|-73.972
(40.746,-73.975)|3985|10151|11014|13602|38752|40.746|-73.975
(40.746,-73.978)|46449|41437|38322|69319|195527|40.746|-73.978
(40.746,-73.979)|3948|10255|8044|9554|31801|40.746|-73.979
(40.746,-73.98)|8515|39513|29358|33890|111276|40.746|-73.98
(40.746,-73.981)|696|4612|5471|4804|15583|40.746|-73.981
(40.746,-73.982)|10715|35480|51329|52665|150189|40.746|-73.982
(40.746,-73.983)|2397|5846|9144|7969|25356|40.746|-73.983
(40.746,-73.984)|7351|22090|33257|33185|95883|40.746|-73.984
(40.746,-73.985)|3445|11952|12544|13303|41244|40.746|-73.985
(40.746,-73.988)|16193|15985|13580|25728|71486|40.746|-73.988
(40.746,-73.99)|6855|15214|16443|16418|54930|40.746|-73.99
(40.746,-73.991)|10247|29449|25953|28296|93945|40.746|-73.991
(40.746,-73.994)|20134|46395|50470|64201|181200|40.746|-73.994
(40.746,-73.998)|8524|23424|22142|26803|80893|40.746|-73.998
(40.746,-74.001)|7753|9558|9440|14282|41033|40.746|-74.001
(40.746,-74.002)|6746|16382|15963|23134|62225|40.746|-74.002
(40.746,-74.005)|2854|12289|16806|18865|50814|40.746|-74.005
(40.746,-74.006)|3119|9924|16191|21047|50281|40.746|-74.006
(40.747,-73.952)|46|553|699|58|1356|40.747|-73.952
(40.747,-73.972)|1250|10574|6514|5609|23947|40.747|-73.972
(40.747,-73.973)|865|10481|4707|3314|19367|40.747|-73.973
(40.747,-73.974)|7244|24998|26583|24924|83749|40.747|-73.974
(40.747,-73.977)|8598|16642|16681|26137|68058|40.747|-73.977
(40.747,-73.979)|3261|28987|13521|14671|60440|40.747|-73.979
(40.747,-73.981)|6401|38343|31090|31968|107802|40.747|-73.981
(40.747,-73.982)|6172|24290|23318|27444|81224|40.747|-73.982
(40.747,-73.984)|7885|15513|28682|28008|80088|40.747|-73.984
(40.747,-73.985)|23625|19315|25441|40698|109079|40.747|-73.985
(40.747,-73.986)|42977|22562|30561|51119|147219|40.747|-73.986
(40.747,-73.987)|10887|6379|6002|11020|34288|40.747|-73.987
(40.747,-73.99)|12039|39574|41335|47686|140634|40.747|-73.99
(40.747,-73.991)|1934|7029|5723|6883|21569|40.747|-73.991
(40.747,-73.992)|2521|6975|6297|7447|23240|40.747|-73.992
(40.747,-73.993)|9122|20377|25113|29238|83850|40.747|-73.993
(40.747,-73.994)|10441|23477|29894|36547|100359|40.747|-73.994
(40.747,-73.997)|11179|21888|21990|32310|87367|40.747|-73.997
(40.747,-73.998)|1639|6192|3668|4098|15597|40.747|-73.998
(40.747,-74.001)|7421|26918|22084|32169|88592|40.747|-74.001
(40.747,-74.002)|2631|18001|11446|11700|43778|40.747|-74.002
(40.747,-74.003)|991|7549|5411|5437|19388|40.747|-74.003
(40.747,-74.005)|2880|10984|16982|17938|48784|40.747|-74.005
(40.748,-73.953)|89|288|538|75|990|40.748|-73.953
(40.748,-73.973)|6266|23726|16448|24424|70864|40.748|-73.973
(40.748,-73.974)|9248|25541|21316|30434|86539|40.748|-73.974
(40.748,-73.975)|949|5036|6131|4041|16157|40.748|-73.975
(40.748,-73.976)|5358|12508|15642|22625|56133|40.748|-73.976
(40.748,-73.977)|6053|12059|14424|24577|57113|40.748|-73.977
(40.748,-73.978)|4113|22360|15718|20681|62872|40.748|-73.978
(40.748,-73.979)|2908|23703|12656|13274|52541|40.748|-73.979
(40.748,-73.981)|4909|30921|22412|22866|81108|40.748|-73.981
(40.748,-73.983)|4895|13709|25519|21827|65950|40.748|-73.983
(40.748,-73.985)|29130|33086|62664|81392|206272|40.748|-73.985
(40.748,-73.987)|36267|5781|7662|20370|70080|40.748|-73.987
(40.748,-73.988)|25984|21419|23519|40635|111557|40.748|-73.988
(40.748,-73.989)|22920|45237|50553|66506|185216|40.748|-73.989
(40.748,-73.993)|12496|26307|42906|48497|130206|40.748|-73.993
(40.748,-73.996)|3031|7053|8629|10143|28856|40.748|-73.996
(40.748,-73.997)|3145|6532|8758|11195|29630|40.748|-73.997
(40.748,-74.0)|4417|15748|13309|14617|48091|40.748|-74.0
(40.748,-74.004)|14604|38516|48182|66567|167869|40.748|-74.004
(40.748,-74.005)|2327|17560|11174|13187|44248|40.748|-74.005
(40.749,-73.97)|1165|3772|7585|11049|23571|40.749|-73.97
(40.749,-73.973)|10052|31462|23815|30580|95909|40.749|-73.973
(40.749,-73.974)|866|3824|3857|4583|13130|40.749|-73.974
(40.749,-73.976)|10789|23772|36795|56221|127577|40.749|-73.976
(40.749,-73.977)|6067|10639|10580|19714|47000|40.749|-73.977
(40.749,-73.978)|6844|32182|23435|27457|89918|40.749|-73.978
(40.749,-73.98)|4794|34173|29795|33376|102138|40.749|-73.98
(40.749,-73.982)|6150|16883|25715|25399|74147|40.749|-73.982
(40.749,-73.984)|13140|18219|25289|30025|86673|40.749|-73.984
(40.749,-73.988)|30014|28879|40369|55803|155065|40.749|-73.988
(40.749,-73.989)|24700|37430|34207|49082|145419|40.749|-73.989
(40.749,-73.991)|6225|25144|21049|24010|76428|40.749|-73.991
(40.749,-73.992)|20005|100290|93995|116934|331224|40.749|-73.992
(40.749,-73.996)|7869|16549|17416|22131|63965|40.749|-73.996
(40.749,-74.003)|5745|20971|27861|30088|84665|40.749|-74.003
(40.749,-74.006)|902|9501|5877|6954|23234|40.749|-74.006
(40.749,-74.007)|2539|6138|10140|16664|35481|40.749|-74.007
(40.749,-74.008)|157|2826|6782|4273|14038|40.749|-74.008
(40.75,-73.943)|226|990|833|185|2234|40.75|-73.943
(40.75,-73.944)|151|506|525|305|1487|40.75|-73.944
(40.75,-73.952)|216|400|429|336|1381|40.75|-73.952
(40.75,-73.969)|1802|7354|14733|14572|38461|40.75|-73.969
(40.75,-73.972)|18375|29407|37982|45338|131102|40.75|-73.972
(40.75,-73.973)|2982|11039|15613|12437|42071|40.75|-73.973
(40.75,-73.974)|2739|17608|19614|16811|56772|40.75|-73.974
(40.75,-73.975)|6639|18594|28557|46746|100536|40.75|-73.975
(40.75,-73.976)|3640|10248|16731|19466|50085|40.75|-73.976
(40.75,-73.977)|9757|24799|33988|37814|106358|40.75|-73.977
(40.75,-73.978)|3800|11733|12117|14468|42118|40.75|-73.978
(40.75,-73.979)|8047|35254|37132|40254|120687|40.75|-73.979
(40.75,-73.98)|2352|11306|10621|11829|36108|40.75|-73.98
(40.75,-73.981)|7472|18745|26960|34301|87478|40.75|-73.981
(40.75,-73.983)|8972|20720|24367|31163|85222|40.75|-73.983
(40.75,-73.984)|13613|15957|17833|28218|75621|40.75|-73.984
(40.75,-73.986)|5738|7601|7373|11013|31725|40.75|-73.986
(40.75,-73.987)|12321|16235|24084|28629|81269|40.75|-73.987
(40.75,-73.988)|19109|31972|69271|69162|189514|40.75|-73.988
(40.75,-73.989)|2004|6100|10648|10036|28788|40.75|-73.989
(40.75,-73.991)|46594|245054|187432|230158|709238|40.75|-73.991
(40.75,-73.992)|40315|199353|154683|171161|565512|40.75|-73.992
(40.75,-73.994)|4044|41369|49316|37073|131802|40.75|-73.994
(40.75,-73.995)|33558|75124|74943|117503|301128|40.75|-73.995
(40.75,-73.999)|4828|7393|9963|10826|33010|40.75|-73.999
(40.75,-74.002)|20698|7666|8932|21969|59265|40.75|-74.002
(40.75,-74.003)|50857|10948|19665|30178|111648|40.75|-74.003
(40.75,-74.005)|267|977|2063|2062|5369|40.75|-74.005
(40.75,-74.006)|866|3900|10508|9325|24599|40.75|-74.006
(40.751,-73.933)|57|128|572|251|1008|40.751|-73.933
(40.751,-73.945)|1839|1711|1399|945|5894|40.751|-73.945
(40.751,-73.946)|647|500|573|413|2133|40.751|-73.946
(40.751,-73.968)|1217|7950|17260|10113|36540|40.751|-73.968
(40.751,-73.971)|9163|22935|29397|40476|101971|40.751|-73.971
(40.751,-73.972)|3519|11103|13085|16489|44196|40.751|-73.972
(40.751,-73.974)|9664|31518|44860|51775|137817|40.751|-73.974
(40.751,-73.975)|8600|25710|34501|43123|111934|40.751|-73.975
(40.751,-73.976)|12399|27940|36532|44092|120963|40.751|-73.976
(40.751,-73.977)|5884|19301|29797|29687|84669|40.751|-73.977
(40.751,-73.978)|1761|12112|26616|28122|68611|40.751|-73.978
(40.751,-73.979)|2616|22488|28673|21962|75739|40.751|-73.979
(40.751,-73.98)|3752|10184|19811|17598|51345|40.751|-73.98
(40.751,-73.981)|7228|11605|23310|26997|69140|40.751|-73.981
(40.751,-73.982)|4075|9600|20315|15558|49548|40.751|-73.982
(40.751,-73.983)|9203|18568|32306|27404|87481|40.751|-73.983
(40.751,-73.985)|2843|9367|7847|9155|29212|40.751|-73.985
(40.751,-73.986)|4880|6099|7886|11442|30307|40.751|-73.986
(40.751,-73.987)|24560|31090|50962|62379|168991|40.751|-73.987
(40.751,-73.988)|2380|5883|13535|13168|34966|40.751|-73.988
(40.751,-73.99)|7856|35350|38810|36678|118694|40.751|-73.99
(40.751,-73.991)|32165|110854|81215|112101|336335|40.751|-73.991
(40.751,-73.994)|57002|273175|229913|223168|783258|40.751|-73.994
(40.751,-73.995)|7277|25296|26066|33247|91886|40.751|-73.995
(40.751,-73.998)|8009|13712|17430|19249|58400|40.751|-73.998
(40.751,-74.002)|12400|19776|16047|25670|73893|40.751|-74.002
(40.751,-74.004)|10755|755|1859|13885|27254|40.751|-74.004
(40.751,-74.005)|4588|5291|19144|23004|52027|40.751|-74.005
(40.751,-74.006)|3340|13264|42336|45641|104581|40.751|-74.006
(40.751,-74.007)|526|2847|6144|8227|17744|40.751|-74.007
(40.752,-73.934)|556|843|1100|730|3229|40.752|-73.934
(40.752,-73.939)|1367|1993|2103|2098|7561|40.752|-73.939
(40.752,-73.945)|1742|1972|2600|2142|8456|40.752|-73.945
(40.752,-73.946)|99|761|1419|426|2705|40.752|-73.946
(40.752,-73.97)|4445|15351|14292|18540|52628|40.752|-73.97
(40.752,-73.971)|9249|22058|26660|35456|93423|40.752|-73.971
(40.752,-73.973)|4520|9750|15097|21499|50866|40.752|-73.973
(40.752,-73.974)|8095|18746|27552|37047|91440|40.752|-73.974
(40.752,-73.975)|9665|69874|54194|76760|210493|40.752|-73.975
(40.752,-73.976)|14436|52192|55025|65804|187457|40.752|-73.976
(40.752,-73.977)|19401|63590|63570|78839|225400|40.752|-73.977
(40.752,-73.978)|21832|142418|107212|118203|389665|40.752|-73.978
(40.752,-73.979)|6000|21825|20435|27078|75338|40.752|-73.979
(40.752,-73.98)|5283|16723|30851|29210|82067|40.752|-73.98
(40.752,-73.981)|932|5425|6922|4871|18150|40.752|-73.981
(40.752,-73.982)|8456|24815|38355|34410|106036|40.752|-73.982
(40.752,-73.985)|5364|9800|10827|15018|41009|40.752|-73.985
(40.752,-73.986)|20655|28087|40691|46867|136300|40.752|-73.986
(40.752,-73.987)|3066|5418|8460|8380|25324|40.752|-73.987
(40.752,-73.988)|914|2923|5088|4949|13874|40.752|-73.988
(40.752,-73.99)|8906|30570|37380|36464|113320|40.752|-73.99
(40.752,-73.993)|15070|30037|35620|44006|124733|40.752|-73.993
(40.752,-73.994)|20743|37248|37675|49970|145636|40.752|-73.994
(40.752,-74.004)|36246|7155|6417|12948|62766|40.752|-74.004
(40.752,-74.005)|8652|16548|20089|26248|71537|40.752|-74.005
(40.752,-74.007)|149|413|991|1395|2948|40.752|-74.007
(40.753,-73.966)|856|10199|7657|7552|26264|40.753|-73.966
(40.753,-73.967)|2839|21320|16707|17293|58159|40.753|-73.967
(40.753,-73.97)|8729|32738|34444|40377|116288|40.753|-73.97
(40.753,-73.973)|14922|20970|33243|50776|119911|40.753|-73.973
(40.753,-73.974)|4648|7743|11472|17089|40952|40.753|-73.974
(40.753,-73.975)|10493|37718|38957|56032|143200|40.753|-73.975
(40.753,-73.977)|2508|11874|13453|14290|42125|40.753|-73.977
(40.753,-73.978)|9965|62808|52458|57976|183207|40.753|-73.978
(40.753,-73.979)|14745|33766|42949|54085|145545|40.753|-73.979
(40.753,-73.98)|5834|10937|16754|16712|50237|40.753|-73.98
(40.753,-73.981)|7461|24401|28550|29081|89493|40.753|-73.981
(40.753,-73.985)|9614|12449|20896|24825|67784|40.753|-73.985
(40.753,-73.986)|9325|19143|26691|27728|82887|40.753|-73.986
(40.753,-73.989)|6466|21604|33271|27237|88578|40.753|-73.989
(40.753,-73.993)|12756|32087|38788|38699|122330|40.753|-73.993
(40.753,-73.997)|4439|12891|22351|18644|58325|40.753|-73.997
(40.753,-74.004)|3615|15687|17574|16107|52983|40.753|-74.004
(40.754,-73.942)|4338|4715|3146|4545|16744|40.754|-73.942
(40.754,-73.966)|5580|29765|21436|25669|82450|40.754|-73.966
(40.754,-73.969)|13936|28479|33145|48115|123675|40.754|-73.969
(40.754,-73.972)|8527|24568|30390|36223|99708|40.754|-73.972
(40.754,-73.974)|8650|16012|24514|32885|82061|40.754|-73.974
(40.754,-73.976)|3051|8705|12144|17558|41458|40.754|-73.976
(40.754,-73.977)|3776|21561|22268|35946|83551|40.754|-73.977
(40.754,-73.978)|4133|34010|40068|38953|117164|40.754|-73.978
(40.754,-73.979)|2887|15860|20369|15832|54948|40.754|-73.979
(40.754,-73.98)|3443|17709|24155|20738|66045|40.754|-73.98
(40.754,-73.981)|5202|20030|25577|24949|75758|40.754|-73.981
(40.754,-73.985)|11279|16060|30516|28886|86741|40.754|-73.985
(40.754,-73.986)|3994|5069|6620|5791|21474|40.754|-73.986
(40.754,-73.988)|7079|22645|27005|24090|80819|40.754|-73.988
(40.754,-73.992)|11820|29761|36365|37069|115015|40.754|-73.992
(40.754,-73.996)|5383|11176|18623|21979|57161|40.754|-73.996
(40.755,-73.939)|221|461|464|537|1683|40.755|-73.939
(40.755,-73.965)|4877|32977|23605|26618|88077|40.755|-73.965
(40.755,-73.968)|22112|17922|25225|62586|127845|40.755|-73.968
(40.755,-73.969)|11386|20175|20811|37996|90368|40.755|-73.969
(40.755,-73.971)|10118|14311|26775|52281|103485|40.755|-73.971
(40.755,-73.972)|5671|18826|22472|29044|76013|40.755|-73.972
(40.755,-73.973)|12365|42300|36946|48041|139652|40.755|-73.973
(40.755,-73.974)|10258|19612|23387|28157|81414|40.755|-73.974
(40.755,-73.975)|4186|21916|31026|34421|91549|40.755|-73.975
(40.755,-73.976)|6886|19716|27168|31638|85408|40.755|-73.976
(40.755,-73.977)|5039|17241|20377|23594|66251|40.755|-73.977
(40.755,-73.978)|6870|29764|38586|37562|112782|40.755|-73.978
(40.755,-73.979)|2890|10373|18456|18812|50531|40.755|-73.979
(40.755,-73.98)|7401|25391|42818|45061|120671|40.755|-73.98
(40.755,-73.981)|1376|7333|10887|10975|30571|40.755|-73.981
(40.755,-73.982)|1318|8327|9402|9358|28405|40.755|-73.982
(40.755,-73.984)|26959|25538|41747|58412|152656|40.755|-73.984
(40.755,-73.986)|12138|5859|7691|9346|35034|40.755|-73.986
(40.755,-73.987)|13189|16416|18580|25716|73901|40.755|-73.987
(40.755,-73.988)|12827|26552|23891|29070|92340|40.755|-73.988
(40.755,-73.991)|10993|33808|24068|27671|96540|40.755|-73.991
(40.755,-73.992)|8833|24393|26661|30006|89893|40.755|-73.992
(40.755,-73.995)|10264|18810|22120|30352|81546|40.755|-73.995
(40.755,-74.003)|164|2090|4264|4340|10858|40.755|-74.003
(40.756,-73.965)|5073|28649|19539|21652|74913|40.756|-73.965
(40.756,-73.968)|32878|24567|30492|66611|154548|40.756|-73.968
(40.756,-73.969)|3235|4426|4851|7704|20216|40.756|-73.969
(40.756,-73.97)|9024|14858|21148|29349|74379|40.756|-73.97
(40.756,-73.971)|12581|25159|31461|50477|119678|40.756|-73.971
(40.756,-73.972)|8057|25828|26420|34936|95241|40.756|-73.972
(40.756,-73.973)|16160|52661|48748|63356|180925|40.756|-73.973
(40.756,-73.974)|3408|17823|22668|21962|65861|40.756|-73.974
(40.756,-73.975)|6164|54399|53023|50452|164038|40.756|-73.975
(40.756,-73.976)|11138|17234|18632|33757|80761|40.756|-73.976
(40.756,-73.977)|7765|53293|25059|23478|109595|40.756|-73.977
(40.756,-73.978)|1303|7311|11448|9253|29315|40.756|-73.978
(40.756,-73.979)|5889|19917|41951|36440|104197|40.756|-73.979
(40.756,-73.98)|2048|5606|9740|9044|26438|40.756|-73.98
(40.756,-73.981)|1734|7327|9234|8388|26683|40.756|-73.981
(40.756,-73.982)|3770|21654|22164|24435|72023|40.756|-73.982
(40.756,-73.983)|14579|23280|35461|52927|126247|40.756|-73.983
(40.756,-73.984)|7092|9946|17475|23092|57605|40.756|-73.984
(40.756,-73.985)|3374|5117|7411|9775|25677|40.756|-73.985
(40.756,-73.986)|13320|13914|19601|29219|76054|40.756|-73.986
(40.756,-73.987)|37264|25771|34214|60183|157432|40.756|-73.987
(40.756,-73.988)|10160|10698|11174|18276|50308|40.756|-73.988
(40.756,-73.989)|4627|18002|9851|11151|43631|40.756|-73.989
(40.756,-73.99)|27748|149622|66782|73861|318013|40.756|-73.99
(40.756,-73.991)|36664|166924|71084|86329|361001|40.756|-73.991
(40.756,-73.992)|5445|16036|9398|11743|42622|40.756|-73.992
(40.756,-73.993)|2367|9055|6912|8040|26374|40.756|-73.993
(40.756,-73.994)|7892|19441|20359|25176|72868|40.756|-73.994
(40.756,-73.998)|5334|27064|25914|26675|84987|40.756|-73.998
(40.756,-74.001)|43|240|703|379|1365|40.756|-74.001
(40.756,-74.002)|1257|7316|22473|12812|43858|40.756|-74.002
(40.756,-74.003)|262|1356|3918|2025|7561|40.756|-74.003
(40.757,-73.964)|5291|41052|30240|25814|102397|40.757|-73.964
(40.757,-73.967)|28340|44463|42215|78042|193060|40.757|-73.967
(40.757,-73.969)|8410|14713|14836|24685|62644|40.757|-73.969
(40.757,-73.97)|16128|31292|33843|41402|122665|40.757|-73.97
(40.757,-73.971)|6509|8943|12893|28192|56537|40.757|-73.971
(40.757,-73.972)|18108|43579|49507|79828|191022|40.757|-73.972
(40.757,-73.973)|3995|14140|19395|19851|57381|40.757|-73.973
(40.757,-73.974)|7854|28352|45440|49784|131430|40.757|-73.974
(40.757,-73.975)|4983|28574|33399|30695|97651|40.757|-73.975
(40.757,-73.976)|2999|15936|28486|18761|66182|40.757|-73.976
(40.757,-73.977)|1385|9348|15190|10912|36835|40.757|-73.977
(40.757,-73.978)|5403|17604|42017|34708|99732|40.757|-73.978
(40.757,-73.979)|2470|8649|20056|14557|45732|40.757|-73.979
(40.757,-73.982)|11215|18606|33006|40885|103712|40.757|-73.982
(40.757,-73.983)|13400|16858|30622|39958|100838|40.757|-73.983
(40.757,-73.984)|5399|11320|11755|15302|43776|40.757|-73.984
(40.757,-73.985)|6073|11119|14417|19372|50981|40.757|-73.985
(40.757,-73.986)|22932|20439|34335|52609|130315|40.757|-73.986
(40.757,-73.987)|7665|7889|11917|17208|44679|40.757|-73.987
(40.757,-73.989)|17463|16565|15619|27244|76891|40.757|-73.989
(40.757,-73.99)|67903|160121|81248|116127|425399|40.757|-73.99
(40.757,-73.993)|8659|21380|10265|18542|58846|40.757|-73.993
(40.757,-73.994)|11322|22926|18119|27857|80224|40.757|-73.994
(40.757,-73.998)|8687|39095|20272|27595|95649|40.757|-73.998
(40.757,-74.001)|548|7643|28576|11721|48488|40.757|-74.001
(40.757,-74.004)|111|716|1408|624|2859|40.757|-74.004
(40.758,-73.937)|440|1132|1473|1079|4124|40.758|-73.937
(40.758,-73.938)|964|1823|1731|1166|5684|40.758|-73.938
(40.758,-73.963)|6683|35234|26181|28107|96205|40.758|-73.963
(40.758,-73.966)|10467|36777|36913|49412|133569|40.758|-73.966
(40.758,-73.967)|4672|13347|10850|19088|47957|40.758|-73.967
(40.758,-73.969)|14678|21646|29695|49386|115405|40.758|-73.969
(40.758,-73.97)|7514|15437|20680|27867|71498|40.758|-73.97
(40.758,-73.971)|14479|23324|36235|76798|150836|40.758|-73.971
(40.758,-73.972)|6424|12132|21622|39103|79281|40.758|-73.972
(40.758,-73.973)|3805|14520|34236|35909|88470|40.758|-73.973
(40.758,-73.974)|3099|13096|23973|21854|62022|40.758|-73.974
(40.758,-73.975)|5135|27534|34755|31909|99333|40.758|-73.975
(40.758,-73.976)|2723|12188|24821|19353|59085|40.758|-73.976
(40.758,-73.977)|3163|12861|45187|31940|93151|40.758|-73.977
(40.758,-73.978)|5270|16277|51783|38683|112013|40.758|-73.978
(40.758,-73.979)|2096|5614|13605|14116|35431|40.758|-73.979
(40.758,-73.98)|1809|1727|4099|5179|12814|40.758|-73.98
(40.758,-73.981)|3106|4647|9176|10785|27714|40.758|-73.981
(40.758,-73.982)|15321|21490|40700|42687|120198|40.758|-73.982
(40.758,-73.984)|4255|8585|9793|12192|34825|40.758|-73.984
(40.758,-73.985)|13149|15050|21498|33390|83087|40.758|-73.985
(40.758,-73.986)|15810|23990|34408|47231|121439|40.758|-73.986
(40.758,-73.987)|4359|9686|13692|21213|48950|40.758|-73.987
(40.758,-73.988)|2889|3783|5999|10480|23151|40.758|-73.988
(40.758,-73.989)|27636|49149|47404|71777|195966|40.758|-73.989
(40.758,-73.99)|10059|12025|13312|21276|56672|40.758|-73.99
(40.758,-73.993)|13547|26839|19480|32196|92062|40.758|-73.993
(40.758,-73.997)|1058|2663|3454|2766|9941|40.758|-73.997
(40.758,-74.0)|2130|2233|16485|5947|26795|40.758|-74.0
(40.758,-74.001)|338|12285|37527|5908|56058|40.758|-74.001
(40.759,-73.965)|7065|24167|26212|33247|90691|40.759|-73.965
(40.759,-73.966)|5945|27811|21276|24970|80002|40.759|-73.966
(40.759,-73.968)|13283|12269|18263|39068|82883|40.759|-73.968
(40.759,-73.969)|6631|11894|17931|24399|60855|40.759|-73.969
(40.759,-73.97)|4996|14801|25173|31897|76867|40.759|-73.97
(40.759,-73.971)|9217|17946|29088|49003|105254|40.759|-73.971
(40.759,-73.972)|4332|11350|26375|38701|80758|40.759|-73.972
(40.759,-73.973)|7377|15113|36888|55863|115241|40.759|-73.973
(40.759,-73.974)|2022|6725|13237|12003|33987|40.759|-73.974
(40.759,-73.975)|4539|19353|30457|27594|81943|40.759|-73.975
(40.759,-73.976)|2375|10509|19507|19084|51475|40.759|-73.976
(40.759,-73.977)|7095|21673|51268|49681|129717|40.759|-73.977
(40.759,-73.978)|2836|6332|17765|17858|44791|40.759|-73.978
(40.759,-73.979)|4553|6313|15071|22046|47983|40.759|-73.979
(40.759,-73.98)|4789|4973|10331|14945|35038|40.759|-73.98
(40.759,-73.981)|15853|17487|37164|50250|120754|40.759|-73.981
(40.759,-73.982)|7403|9112|22591|30879|69985|40.759|-73.982
(40.759,-73.983)|3529|5162|8146|12876|29713|40.759|-73.983
(40.759,-73.984)|6612|11597|12624|17483|48316|40.759|-73.984
(40.759,-73.985)|24213|31590|33111|45487|134401|40.759|-73.985
(40.759,-73.986)|11041|43229|39299|38452|132021|40.759|-73.986
(40.759,-73.987)|7826|14996|14538|19710|57070|40.759|-73.987
(40.759,-73.988)|18341|19682|26393|41925|106341|40.759|-73.988
(40.759,-73.989)|26982|39716|42599|68004|177301|40.759|-73.989
(40.759,-73.992)|18804|24937|22031|46564|112336|40.759|-73.992
(40.759,-73.994)|4745|7330|6996|13657|32728|40.759|-73.994
(40.759,-73.996)|6623|34618|20074|26138|87453|40.759|-73.996
(40.759,-74.0)|650|1063|8995|3582|14290|40.759|-74.0
(40.76,-73.961)|4002|14341|12369|10671|41383|40.76|-73.961
(40.76,-73.962)|11932|13004|16147|18540|59623|40.76|-73.962
(40.76,-73.965)|14028|25148|32763|50301|122240|40.76|-73.965
(40.76,-73.968)|8824|17679|19998|22659|69160|40.76|-73.968
(40.76,-73.97)|4833|26741|37370|39509|108453|40.76|-73.97
(40.76,-73.972)|6901|19115|42341|53998|122355|40.76|-73.972
(40.76,-73.974)|9024|16386|31382|31434|88226|40.76|-73.974
(40.76,-73.975)|5320|9332|16537|18644|49833|40.76|-73.975
(40.76,-73.976)|9190|22856|51843|59620|143509|40.76|-73.976
(40.76,-73.977)|2243|6359|14981|14609|38192|40.76|-73.977
(40.76,-73.978)|3195|4183|7226|11568|26172|40.76|-73.978
(40.76,-73.979)|4074|5445|8665|11732|29916|40.76|-73.979
(40.76,-73.98)|8519|10789|26798|34326|80432|40.76|-73.98
(40.76,-73.981)|11567|16347|39257|45763|112934|40.76|-73.981
(40.76,-73.982)|5168|5144|10870|20965|42147|40.76|-73.982
(40.76,-73.983)|6300|6352|10582|16868|40102|40.76|-73.983
(40.76,-73.984)|25823|21822|29570|50178|127393|40.76|-73.984
(40.76,-73.985)|18213|25357|30046|48463|122079|40.76|-73.985
(40.76,-73.986)|10582|30521|25490|27115|93708|40.76|-73.986
(40.76,-73.987)|22647|16188|15034|25786|79655|40.76|-73.987
(40.76,-73.988)|36355|19802|29493|62673|148323|40.76|-73.988
(40.76,-73.991)|16427|12505|15252|36793|80977|40.76|-73.991
(40.76,-73.992)|14294|12222|13736|32156|72408|40.76|-73.992
(40.76,-73.995)|13769|36121|32434|40543|122867|40.76|-73.995
(40.76,-73.996)|9095|13122|10636|15458|48311|40.76|-73.996
(40.76,-73.997)|1610|1952|1965|2995|8522|40.76|-73.997
(40.76,-74.003)|542|36151|39773|26960|103426|40.76|-74.003
(40.761,-73.936)|807|3269|981|639|5696|40.761|-73.936
(40.761,-73.958)|2621|21166|12259|10718|46764|40.761|-73.958
(40.761,-73.961)|9157|37450|56037|41865|144509|40.761|-73.961
(40.761,-73.964)|20312|13605|20538|33821|88276|40.761|-73.964
(40.761,-73.967)|9460|21969|39609|31468|102506|40.761|-73.967
(40.761,-73.968)|2508|8152|12906|12899|36465|40.761|-73.968
(40.761,-73.969)|7991|35076|52950|59070|155087|40.761|-73.969
(40.761,-73.97)|2776|15826|20117|18275|56994|40.761|-73.97
(40.761,-73.971)|3450|17907|38867|39209|99433|40.761|-73.971
(40.761,-73.972)|2039|7354|17120|15519|42032|40.761|-73.972
(40.761,-73.973)|4519|10792|22686|21754|59751|40.761|-73.973
(40.761,-73.974)|4737|7855|15679|16860|45131|40.761|-73.974
(40.761,-73.975)|8734|20999|42373|50922|123028|40.761|-73.975
(40.761,-73.976)|5110|11450|27401|32954|76915|40.761|-73.976
(40.761,-73.977)|2728|4268|10759|13984|31739|40.761|-73.977
(40.761,-73.978)|2277|6750|14573|11348|34948|40.761|-73.978
(40.761,-73.979)|7624|12850|22878|22377|65729|40.761|-73.979
(40.761,-73.98)|15393|15120|37961|47413|115887|40.761|-73.98
(40.761,-73.981)|6345|4324|8767|14071|33507|40.761|-73.981
(40.761,-73.982)|5881|6123|9398|18741|40143|40.761|-73.982
(40.761,-73.983)|15126|17444|29921|52740|115231|40.761|-73.983
(40.761,-73.984)|19333|17271|26855|49616|113075|40.761|-73.984
(40.761,-73.985)|7542|18321|18248|22700|66811|40.761|-73.985
(40.761,-73.986)|7009|12345|12687|18675|50716|40.761|-73.986
(40.761,-73.987)|41121|37363|44339|77027|199850|40.761|-73.987
(40.761,-73.99)|23149|4868|4977|21839|54833|40.761|-73.99
(40.761,-73.991)|34790|19538|19207|51745|125280|40.761|-73.991
(40.761,-73.994)|6338|14434|15916|21326|58014|40.761|-73.994
(40.761,-73.995)|7610|13476|12927|19145|53158|40.761|-73.995
(40.761,-73.996)|396|1343|1207|1167|4113|40.761|-73.996
(40.761,-73.997)|619|1067|1144|1891|4721|40.761|-73.997
(40.761,-73.998)|8448|19408|20036|24075|71967|40.761|-73.998
(40.761,-73.999)|7328|30427|22102|25050|84907|40.761|-73.999
(40.761,-74.0)|2744|20062|10552|11377|44735|40.761|-74.0
(40.761,-74.003)|301|19163|22909|16814|59187|40.761|-74.003
(40.762,-73.958)|627|6082|3986|4025|14720|40.762|-73.958
(40.762,-73.96)|11375|36206|28135|34362|110078|40.762|-73.96
(40.762,-73.963)|5128|9824|11504|17404|43860|40.762|-73.963
(40.762,-73.966)|10933|50668|103896|79459|244956|40.762|-73.966
(40.762,-73.968)|10233|26465|69442|72170|178310|40.762|-73.968
(40.762,-73.969)|3509|14718|27705|26526|72458|40.762|-73.969
(40.762,-73.97)|4450|19111|39191|39043|101795|40.762|-73.97
(40.762,-73.971)|8042|18609|35508|34992|97151|40.762|-73.971
(40.762,-73.972)|12610|15100|28894|26742|83346|40.762|-73.972
(40.762,-73.973)|3424|11039|26074|16639|57176|40.762|-73.973
(40.762,-73.974)|3894|14994|31990|34360|85238|40.762|-73.974
(40.762,-73.975)|12704|29705|55519|66782|164710|40.762|-73.975
(40.762,-73.978)|5179|23161|30154|24766|83260|40.762|-73.978
(40.762,-73.979)|23636|68935|87958|81949|262478|40.762|-73.979
(40.762,-73.98)|5865|8307|15342|20995|50509|40.762|-73.98
(40.762,-73.981)|3058|4015|7013|16146|30232|40.762|-73.981
(40.762,-73.982)|12480|29231|32016|44944|118671|40.762|-73.982
(40.762,-73.983)|15410|23618|33833|53527|126388|40.762|-73.983
(40.762,-73.984)|11303|14402|21875|38076|85656|40.762|-73.984
(40.762,-73.985)|4352|7835|9917|19616|41720|40.762|-73.985
(40.762,-73.986)|28929|34629|43408|80554|187520|40.762|-73.986
(40.762,-73.987)|12889|19672|19741|32127|84429|40.762|-73.987
(40.762,-73.988)|1675|6668|5195|6223|19761|40.762|-73.988
(40.762,-73.99)|21382|23458|19388|42807|107035|40.762|-73.99
(40.762,-73.994)|12448|23236|24357|28290|88331|40.762|-73.994
(40.762,-73.996)|635|2551|2196|2137|7519|40.762|-73.996
(40.762,-74.0)|1982|15387|8851|9182|35402|40.762|-74.0
(40.762,-74.001)|2650|7879|13048|13302|36879|40.762|-74.001
(40.763,-73.934)|725|3728|1197|786|6436|40.763|-73.934
(40.763,-73.959)|3941|27383|18272|18650|68246|40.763|-73.959
(40.763,-73.96)|5226|27685|21209|23637|77757|40.763|-73.96
(40.763,-73.962)|3744|18451|12979|16157|51331|40.763|-73.962
(40.763,-73.963)|6364|21181|16596|23483|67624|40.763|-73.963
(40.763,-73.965)|1929|13374|17155|14858|47316|40.763|-73.965
(40.763,-73.966)|3916|28549|29741|27443|89649|40.763|-73.966
(40.763,-73.967)|3299|10389|22580|22539|58807|40.763|-73.967
(40.763,-73.968)|16102|31819|91625|74891|214437|40.763|-73.968
(40.763,-73.969)|3751|10414|26379|22554|63098|40.763|-73.969
(40.763,-73.97)|4300|22902|53428|49038|129668|40.763|-73.97
(40.763,-73.971)|16012|6923|12560|15789|51284|40.763|-73.971
(40.763,-73.972)|33930|19288|44223|39541|136982|40.763|-73.972
(40.763,-73.973)|3302|8087|24143|17092|52624|40.763|-73.973
(40.763,-73.974)|9460|32510|97793|88079|227842|40.763|-73.974
(40.763,-73.975)|2047|7704|19296|16950|45997|40.763|-73.975
(40.763,-73.977)|3638|7230|10909|18654|40431|40.763|-73.977
(40.763,-73.978)|16767|32146|45278|60009|154200|40.763|-73.978
(40.763,-73.979)|8463|26011|37869|42043|114386|40.763|-73.979
(40.763,-73.98)|2776|8005|10249|12754|33784|40.763|-73.98
(40.763,-73.981)|7488|16030|17750|24086|65354|40.763|-73.981
(40.763,-73.982)|19752|55302|54963|60628|190645|40.763|-73.982
(40.763,-73.983)|29813|21121|26493|41864|119291|40.763|-73.983
(40.763,-73.984)|5475|6032|8531|16424|36462|40.763|-73.984
(40.763,-73.985)|10772|17228|15101|23693|66794|40.763|-73.985
(40.763,-73.986)|19975|24700|26253|43503|114431|40.763|-73.986
(40.763,-73.989)|17267|18174|16335|36598|88374|40.763|-73.989
(40.763,-73.99)|5875|8053|5679|10683|30290|40.763|-73.99
(40.763,-73.993)|17424|21306|20067|28979|87776|40.763|-73.993
(40.763,-73.997)|19804|12719|18982|21696|73201|40.763|-73.997
(40.764,-73.902)|1338|6778|2756|16|10888|40.764|-73.902
(40.764,-73.937)|105|403|483|186|1177|40.764|-73.937
(40.764,-73.954)|9790|32432|39240|51669|133131|40.764|-73.954
(40.764,-73.955)|3976|12798|18363|19379|54516|40.764|-73.955
(40.764,-73.956)|4481|17872|33053|42143|97549|40.764|-73.956
(40.764,-73.959)|7267|35945|26353|24818|94383|40.764|-73.959
(40.764,-73.962)|6699|22099|18946|32545|80289|40.764|-73.962
(40.764,-73.965)|2863|32973|24726|19727|80289|40.764|-73.965
(40.764,-73.967)|5325|23416|36413|45613|110767|40.764|-73.967
(40.764,-73.969)|5336|37591|61992|57074|161993|40.764|-73.969
(40.764,-73.971)|5273|27836|53848|44293|131250|40.764|-73.971
(40.764,-73.972)|2593|9611|20035|13289|45528|40.764|-73.972
(40.764,-73.973)|19896|30305|83798|114290|248289|40.764|-73.973
(40.764,-73.974)|18121|24109|69807|64543|176580|40.764|-73.974
(40.764,-73.975)|3483|5645|14052|13004|36184|40.764|-73.975
(40.764,-73.976)|5406|8937|17640|27930|59913|40.764|-73.976
(40.764,-73.977)|12654|32712|45721|60067|151154|40.764|-73.977
(40.764,-73.978)|8791|25805|32814|40232|107642|40.764|-73.978
(40.764,-73.979)|4673|22064|23492|29331|79560|40.764|-73.979
(40.764,-73.98)|2857|12743|11995|16183|43778|40.764|-73.98
(40.764,-73.981)|17702|38790|41929|57634|156055|40.764|-73.981
(40.764,-73.982)|11272|20982|24431|33660|90345|40.764|-73.982
(40.764,-73.983)|14842|20845|22354|34740|92781|40.764|-73.983
(40.764,-73.984)|3379|4622|5220|7756|20977|40.764|-73.984
(40.764,-73.985)|20297|24990|24857|38491|108635|40.764|-73.985
(40.764,-73.988)|20296|8051|8830|27085|64262|40.764|-73.988
(40.764,-73.989)|29642|12605|12349|38401|92997|40.764|-73.989
(40.764,-73.992)|7809|15530|12756|15883|51978|40.764|-73.992
(40.764,-73.995)|1049|2400|2112|2194|7755|40.764|-73.995
(40.764,-73.996)|19049|23263|23167|43309|108788|40.764|-73.996
(40.764,-73.999)|1517|2100|15952|1921|21490|40.764|-73.999
(40.765,-73.932)|1785|3806|2018|1495|9104|40.765|-73.932
(40.765,-73.937)|1130|3036|3121|1671|8958|40.765|-73.937
(40.765,-73.953)|36|4176|4634|873|9719|40.765|-73.953
(40.765,-73.954)|164|4374|5209|1385|11132|40.765|-73.954
(40.765,-73.955)|2764|32010|40729|25754|101257|40.765|-73.955
(40.765,-73.956)|169|1753|3895|1793|7610|40.765|-73.956
(40.765,-73.957)|137|1347|2204|1249|4937|40.765|-73.957
(40.765,-73.958)|3562|25019|37544|27190|93315|40.765|-73.958
(40.765,-73.961)|4596|18110|19726|28054|70486|40.765|-73.961
(40.765,-73.962)|1046|7288|6592|7261|22187|40.765|-73.962
(40.765,-73.964)|3483|48767|43979|26836|123065|40.765|-73.964
(40.765,-73.966)|9638|53551|42964|51057|157210|40.765|-73.966
(40.765,-73.968)|2654|27035|34786|31358|95833|40.765|-73.968
(40.765,-73.97)|2287|15419|43379|28805|89890|40.765|-73.97
(40.765,-73.971)|2936|13003|33172|21315|70426|40.765|-73.971
(40.765,-73.972)|4348|16357|32685|35441|88831|40.765|-73.972
(40.765,-73.973)|2942|12839|28965|30653|75399|40.765|-73.973
(40.765,-73.974)|3954|11337|25711|23407|64409|40.765|-73.974
(40.765,-73.975)|4966|32990|33241|30639|101836|40.765|-73.975
(40.765,-73.976)|4812|16942|18618|21754|62126|40.765|-73.976
(40.765,-73.977)|9676|31417|35422|48710|125225|40.765|-73.977
(40.765,-73.978)|6913|16317|17810|24973|66013|40.765|-73.978
(40.765,-73.979)|6221|14529|18743|26655|66148|40.765|-73.979
(40.765,-73.98)|11141|24360|34518|52430|122449|40.765|-73.98
(40.765,-73.981)|9338|35407|41431|52419|138595|40.765|-73.981
(40.765,-73.982)|10667|20456|26843|42407|100373|40.765|-73.982
(40.765,-73.983)|9339|14821|17325|25670|67155|40.765|-73.983
(40.765,-73.984)|18661|22345|27782|48848|117636|40.765|-73.984
(40.765,-73.988)|38296|22632|22380|50877|134185|40.765|-73.988
(40.765,-73.992)|7802|14175|12214|16359|50550|40.765|-73.992
(40.765,-73.995)|10365|5916|6318|9308|31907|40.765|-73.995
(40.765,-73.996)|20201|5881|5833|14564|46479|40.765|-73.996
(40.765,-73.998)|862|17476|3237|1068|22643|40.765|-73.998
(40.766,-73.834)|113|279|447|83|922|40.766|-73.834
(40.766,-73.952)|706|27483|17364|10403|55956|40.766|-73.952
(40.766,-73.953)|265|10659|8853|3311|23088|40.766|-73.953
(40.766,-73.954)|2583|30978|44249|33691|111501|40.766|-73.954
(40.766,-73.955)|2389|29841|34756|21798|88784|40.766|-73.955
(40.766,-73.956)|207|1470|1984|1138|4799|40.766|-73.956
(40.766,-73.957)|3909|27170|25828|19335|76242|40.766|-73.957
(40.766,-73.96)|2867|14818|19524|19064|56273|40.766|-73.96
(40.766,-73.961)|2262|13764|16254|15554|47834|40.766|-73.961
(40.766,-73.963)|2635|38835|26672|19165|87307|40.766|-73.963
(40.766,-73.964)|1602|27447|17396|10115|56560|40.766|-73.964
(40.766,-73.965)|1383|9350|13389|15009|39131|40.766|-73.965
(40.766,-73.966)|1219|12695|11976|11343|37233|40.766|-73.966
(40.766,-73.968)|1686|21690|23727|21047|68150|40.766|-73.968
(40.766,-73.969)|1836|9004|15358|12620|38818|40.766|-73.969
(40.766,-73.97)|2089|13497|24456|16554|56596|40.766|-73.97
(40.766,-73.972)|1736|9368|17961|16857|45922|40.766|-73.972
(40.766,-73.976)|5777|17795|23868|21779|69219|40.766|-73.976
(40.766,-73.977)|3305|12297|22068|16395|54065|40.766|-73.977
(40.766,-73.978)|2544|13146|14163|15507|45360|40.766|-73.978
(40.766,-73.979)|2501|7945|11006|15208|36660|40.766|-73.979
(40.766,-73.98)|13295|24364|37215|51166|126040|40.766|-73.98
(40.766,-73.981)|3007|10297|17540|16799|47643|40.766|-73.981
(40.766,-73.982)|5432|15462|26683|31185|78762|40.766|-73.982
(40.766,-73.983)|11230|27496|36677|46200|121603|40.766|-73.983
(40.766,-73.984)|8829|11814|14808|23289|58740|40.766|-73.984
(40.766,-73.987)|15084|19437|20845|42957|98323|40.766|-73.987
(40.766,-73.991)|7420|19946|16895|24415|68676|40.766|-73.991
(40.766,-73.998)|108|7171|547|120|7946|40.766|-73.998
(40.767,-73.93)|806|3074|1183|747|5810|40.767|-73.93
(40.767,-73.953)|2075|32041|20780|14649|69545|40.767|-73.953
(40.767,-73.954)|4874|68936|64043|43069|180922|40.767|-73.954
(40.767,-73.955)|757|13583|9412|6361|30113|40.767|-73.955
(40.767,-73.957)|4026|36013|26327|19636|86002|40.767|-73.957
(40.767,-73.96)|3009|12750|16243|16280|48282|40.767|-73.96
(40.767,-73.961)|244|2892|3900|3455|10491|40.767|-73.961
(40.767,-73.962)|1377|22459|16477|10693|51006|40.767|-73.962
(40.767,-73.963)|2732|40160|29723|20723|93338|40.767|-73.963
(40.767,-73.965)|1851|10468|16979|17907|47205|40.767|-73.965
(40.767,-73.967)|4065|23266|33726|32710|93767|40.767|-73.967
(40.767,-73.969)|1687|18366|26816|17880|64749|40.767|-73.969
(40.767,-73.971)|948|5680|14050|10471|31149|40.767|-73.971
(40.767,-73.978)|1604|12145|11370|10878|35997|40.767|-73.978
(40.767,-73.979)|5488|23745|30870|35589|95692|40.767|-73.979
(40.767,-73.982)|7604|21337|36455|37532|102928|40.767|-73.982
(40.767,-73.983)|12967|36687|38331|42369|130354|40.767|-73.983
(40.767,-73.986)|7965|16153|15232|25736|65086|40.767|-73.986
(40.767,-73.987)|5263|13590|14237|20810|53900|40.767|-73.987
(40.767,-73.99)|6286|25908|20953|24232|77379|40.767|-73.99
(40.767,-73.994)|4894|11408|12697|15457|44456|40.767|-73.994
(40.767,-73.997)|2334|6384|1452|839|11009|40.767|-73.997
(40.768,-73.861)|6|36|45|29|116|40.768|-73.861
(40.768,-73.862)|250|843|964|500|2557|40.768|-73.862
(40.768,-73.953)|3717|28722|25650|21774|79863|40.768|-73.953
(40.768,-73.956)|11327|50985|42794|35595|140701|40.768|-73.956
(40.768,-73.957)|1268|17084|11583|8474|38409|40.768|-73.957
(40.768,-73.959)|5022|18567|22887|30984|77460|40.768|-73.959
(40.768,-73.96)|223|2111|2364|1954|6652|40.768|-73.96
(40.768,-73.961)|212|4264|4196|2342|11014|40.768|-73.961
(40.768,-73.962)|3485|58881|43840|25987|132193|40.768|-73.962
(40.768,-73.964)|4233|31109|36274|38096|109712|40.768|-73.964
(40.768,-73.968)|1530|16679|30298|20099|68606|40.768|-73.968
(40.768,-73.97)|941|4768|9827|7973|23509|40.768|-73.97
(40.768,-73.981)|6705|21662|35397|38986|102750|40.768|-73.981
(40.768,-73.982)|15307|59023|126205|146983|347518|40.768|-73.982
(40.768,-73.983)|11956|19172|36568|50414|118110|40.768|-73.983
(40.768,-73.984)|5544|9320|14688|21305|50857|40.768|-73.984
(40.768,-73.985)|14972|25793|25891|40137|106793|40.768|-73.985
(40.768,-73.986)|9638|22206|22157|27979|81980|40.768|-73.986
(40.768,-73.989)|3421|17496|13293|12508|46718|40.768|-73.989
(40.768,-73.993)|3204|20907|20035|15768|59914|40.768|-73.993
(40.769,-73.862)|535|3426|5470|4393|13824|40.769|-73.862
(40.769,-73.863)|13904|128096|200277|206609|548886|40.769|-73.863
(40.769,-73.867)|52|259|225|269|805|40.769|-73.867
(40.769,-73.892)|86|1633|433|83|2235|40.769|-73.892
(40.769,-73.952)|3264|39761|33440|20221|96686|40.769|-73.952
(40.769,-73.955)|9729|36042|26391|32160|104322|40.769|-73.955
(40.769,-73.958)|6553|21815|22700|26202|77270|40.769|-73.958
(40.769,-73.959)|1880|16422|13440|11196|42938|40.769|-73.959
(40.769,-73.961)|2425|43818|36616|20129|102988|40.769|-73.961
(40.769,-73.963)|2172|13130|21496|22900|59698|40.769|-73.963
(40.769,-73.965)|994|15403|20449|19500|56346|40.769|-73.965
(40.769,-73.968)|881|10761|18693|8939|39274|40.769|-73.968
(40.769,-73.97)|876|6810|12560|11848|32094|40.769|-73.97
(40.769,-73.981)|5616|22913|27707|27420|83656|40.769|-73.981
(40.769,-73.982)|28152|40001|66929|88527|223609|40.769|-73.982
(40.769,-73.985)|17915|42871|39686|49773|150245|40.769|-73.985
(40.769,-73.987)|2435|15056|11628|11926|41045|40.769|-73.987
(40.769,-73.988)|4665|15814|15037|15000|50516|40.769|-73.988
(40.769,-73.989)|6487|14040|17308|21887|59722|40.769|-73.989
(40.769,-73.996)|64|1640|9766|603|12073|40.769|-73.996
(40.77,-73.863)|5628|75602|108204|120436|309870|40.77|-73.863
(40.77,-73.864)|8870|102579|146067|149134|406650|40.77|-73.864
(40.77,-73.865)|842|5908|6818|6383|19951|40.77|-73.865
(40.77,-73.902)|120|1441|280|93|1934|40.77|-73.902
(40.77,-73.928)|1082|2592|1013|1010|5697|40.77|-73.928
(40.77,-73.951)|2743|26708|18949|11990|60390|40.77|-73.951
(40.77,-73.952)|2369|28302|21256|11426|63353|40.77|-73.952
(40.77,-73.954)|6740|25191|21576|20187|73694|40.77|-73.954
(40.77,-73.955)|5238|26173|18417|17293|67121|40.77|-73.955
(40.77,-73.957)|4976|16622|17978|21639|61215|40.77|-73.957
(40.77,-73.958)|5842|13904|15770|25094|60610|40.77|-73.958
(40.77,-73.96)|3742|32924|28817|24487|89970|40.77|-73.96
(40.77,-73.961)|3157|44317|33245|21466|102185|40.77|-73.961
(40.77,-73.962)|1748|16350|19078|14096|51272|40.77|-73.962
(40.77,-73.963)|1330|10240|14801|10349|36720|40.77|-73.963
(40.77,-73.965)|968|18058|21941|14737|55704|40.77|-73.965
(40.77,-73.967)|693|14046|20720|11332|46791|40.77|-73.967
(40.77,-73.982)|5337|25347|36214|34355|101253|40.77|-73.982
(40.77,-73.984)|4088|21701|20754|24711|71254|40.77|-73.984
(40.77,-73.987)|670|3544|4726|3689|12629|40.77|-73.987
(40.77,-73.988)|4648|19248|27711|23638|75245|40.77|-73.988
(40.77,-73.989)|1833|1538|2179|4248|9798|40.77|-73.989
(40.77,-73.99)|974|2684|3835|3767|11260|40.77|-73.99
(40.77,-73.991)|2636|16368|15253|14023|48280|40.77|-73.991
(40.77,-73.992)|4428|7795|7985|15021|35229|40.77|-73.992
(40.771,-73.865)|978|5508|7161|7120|20767|40.771|-73.865
(40.771,-73.866)|5127|22971|26339|29885|84322|40.771|-73.866
(40.771,-73.948)|867|13331|10281|7513|31992|40.771|-73.948
(40.771,-73.951)|4833|41201|26650|22533|95217|40.771|-73.951
(40.771,-73.954)|8297|27580|20126|21145|77148|40.771|-73.954
(40.771,-73.955)|210|981|908|1017|3116|40.771|-73.955
(40.771,-73.957)|24122|31920|32726|46728|135496|40.771|-73.957
(40.771,-73.959)|2011|9452|10832|9346|31641|40.771|-73.959
(40.771,-73.96)|5252|32532|33249|30791|101824|40.771|-73.96
(40.771,-73.962)|7743|16996|26022|26446|77207|40.771|-73.962
(40.771,-73.964)|2131|34550|35199|21583|93463|40.771|-73.964
(40.771,-73.966)|564|13522|22503|9542|46131|40.771|-73.966
(40.771,-73.968)|689|9867|19639|10518|40713|40.771|-73.968
(40.771,-73.982)|13160|31540|46565|66355|157620|40.771|-73.982
(40.771,-73.983)|6296|10208|17152|32988|66644|40.771|-73.983
(40.771,-73.987)|3078|18964|14866|13360|50268|40.771|-73.987
(40.771,-73.988)|888|6016|4252|3948|15104|40.771|-73.988
(40.771,-73.991)|1630|9056|9576|7874|28136|40.771|-73.991
(40.771,-73.992)|679|1561|1400|2174|5814|40.771|-73.992
(40.771,-73.994)|345|115|166|478|1104|40.771|-73.994
(40.772,-73.87)|103|782|1233|1173|3291|40.772|-73.87
(40.772,-73.926)|1782|4683|1905|2017|10387|40.772|-73.926
(40.772,-73.947)|1630|28214|24098|14374|68316|40.772|-73.947
(40.772,-73.95)|4516|39438|32942|22331|99227|40.772|-73.95
(40.772,-73.951)|1309|14059|11219|8431|35018|40.772|-73.951
(40.772,-73.952)|1348|13237|10073|8407|33065|40.772|-73.952
(40.772,-73.953)|7619|44988|34424|29634|116665|40.772|-73.953
(40.772,-73.956)|21997|25637|33588|59264|140486|40.772|-73.956
(40.772,-73.957)|788|2405|2368|2791|8352|40.772|-73.957
(40.772,-73.959)|4906|43793|60735|36521|145955|40.772|-73.959
(40.772,-73.961)|3548|25088|36618|32207|97461|40.772|-73.961
(40.772,-73.963)|1078|28923|28759|17107|75867|40.772|-73.963
(40.772,-73.965)|1111|21765|30155|16406|69437|40.772|-73.965
(40.772,-73.966)|397|9738|12041|5994|28170|40.772|-73.966
(40.772,-73.967)|1355|15674|27058|18946|63033|40.772|-73.967
(40.772,-73.982)|12650|25081|45569|80209|163509|40.772|-73.982
(40.772,-73.983)|18526|18723|35016|95923|168188|40.772|-73.983
(40.772,-73.99)|1794|19283|14788|11050|46915|40.772|-73.99
(40.773,-73.869)|132|661|902|887|2582|40.773|-73.869
(40.773,-73.87)|314|2184|2866|2999|8363|40.773|-73.87
(40.773,-73.885)|508|22660|36738|33904|93810|40.773|-73.885
(40.773,-73.946)|1305|29144|30400|15497|76346|40.773|-73.946
(40.773,-73.949)|4040|32430|25354|17300|79124|40.773|-73.949
(40.773,-73.952)|4088|29090|20057|15390|68625|40.773|-73.952
(40.773,-73.953)|1399|10878|9211|7098|28586|40.773|-73.953
(40.773,-73.955)|9209|29173|31534|38340|108256|40.773|-73.955
(40.773,-73.956)|3710|7663|8427|14018|33818|40.773|-73.956
(40.773,-73.958)|4333|31418|34189|28719|98659|40.773|-73.958
(40.773,-73.959)|799|8551|8541|6869|24760|40.773|-73.959
(40.773,-73.96)|6413|20647|27917|27067|82044|40.773|-73.96
(40.773,-73.962)|791|20122|21474|11591|53978|40.773|-73.962
(40.773,-73.963)|704|15808|16649|9878|43039|40.773|-73.963
(40.773,-73.965)|643|13300|19291|11226|44460|40.773|-73.965
(40.773,-73.967)|1375|9429|22319|16588|49711|40.773|-73.967
(40.773,-73.979)|1670|8173|9788|9526|29157|40.773|-73.979
(40.773,-73.982)|11180|35768|62420|106792|216160|40.773|-73.982
(40.773,-73.989)|1254|12893|13303|8184|35634|40.773|-73.989
(40.773,-73.99)|1036|9520|9278|5812|25646|40.773|-73.99
(40.774,-73.871)|22337|153423|224859|240460|641079|40.774|-73.871
(40.774,-73.872)|1680|5861|9714|9069|26324|40.774|-73.872
(40.774,-73.873)|26172|114476|220792|247321|608761|40.774|-73.873
(40.774,-73.874)|9970|39723|75506|100914|226113|40.774|-73.874
(40.774,-73.875)|10612|58763|108226|132713|310314|40.774|-73.875
(40.774,-73.945)|448|6986|10125|4618|22177|40.774|-73.945
(40.774,-73.946)|633|14237|16230|8176|39276|40.774|-73.946
(40.774,-73.948)|5594|13932|10838|9718|40082|40.774|-73.948
(40.774,-73.949)|4360|22150|18707|14710|59927|40.774|-73.949
(40.774,-73.951)|3164|18268|13543|10287|45262|40.774|-73.951
(40.774,-73.952)|3492|18769|14442|11839|48542|40.774|-73.952
(40.774,-73.955)|5289|20744|24902|22229|73164|40.774|-73.955
(40.774,-73.956)|1419|8625|7779|6610|24433|40.774|-73.956
(40.774,-73.957)|3107|24691|24766|20656|73220|40.774|-73.957
(40.774,-73.958)|2739|21838|20386|16665|61628|40.774|-73.958
(40.774,-73.96)|9276|29167|39627|37699|115769|40.774|-73.96
(40.774,-73.962)|2570|27846|36812|22233|89461|40.774|-73.962
(40.774,-73.964)|3348|30392|40748|30939|105427|40.774|-73.964
(40.774,-73.966)|865|11811|17914|11619|42209|40.774|-73.966
(40.774,-73.981)|5537|29081|36826|35390|106834|40.774|-73.981
(40.774,-73.982)|10107|41287|62930|67075|181399|40.774|-73.982
(40.774,-73.985)|2038|7934|13300|20499|43771|40.774|-73.985
(40.774,-73.989)|4782|32879|26217|22477|86355|40.774|-73.989
(40.775,-73.912)|1313|1010|456|628|3407|40.775|-73.912
(40.775,-73.945)|383|9338|11877|5778|27376|40.775|-73.945
(40.775,-73.948)|6100|26467|22881|19935|75383|40.775|-73.948
(40.775,-73.951)|5709|25257|16806|18735|66507|40.775|-73.951
(40.775,-73.954)|23616|28039|36406|63529|151590|40.775|-73.954
(40.775,-73.956)|799|5033|6225|5767|17824|40.775|-73.956
(40.775,-73.957)|3248|26920|29527|24410|84105|40.775|-73.957
(40.775,-73.959)|3925|26485|38316|35313|104039|40.775|-73.959
(40.775,-73.961)|1043|29202|33824|17734|81803|40.775|-73.961
(40.775,-73.963)|8835|30091|42912|48139|129977|40.775|-73.963
(40.775,-73.965)|1325|14020|24282|15868|55495|40.775|-73.965
(40.775,-73.977)|1877|19716|17697|14186|53476|40.775|-73.977
(40.775,-73.981)|3987|11732|19981|24172|59872|40.775|-73.981
(40.775,-73.982)|13421|41756|62051|68953|186181|40.775|-73.982
(40.775,-73.984)|1310|16011|11470|8873|37664|40.775|-73.984
(40.775,-73.988)|2933|21602|19139|14732|58406|40.775|-73.988
(40.775,-73.989)|861|8172|4867|4561|18461|40.775|-73.989
(40.775,-73.99)|332|6250|4639|3704|14925|40.775|-73.99
(40.775,-73.991)|383|6984|6355|4721|18443|40.775|-73.991
(40.776,-73.944)|363|8313|9424|6144|24244|40.776|-73.944
(40.776,-73.947)|4770|36814|33269|23056|97909|40.776|-73.947
(40.776,-73.948)|1054|12828|10860|7694|32436|40.776|-73.948
(40.776,-73.95)|5666|22066|17030|17140|61902|40.776|-73.95
(40.776,-73.953)|21281|18768|20975|35198|96222|40.776|-73.953
(40.776,-73.956)|12763|31783|26821|34278|105645|40.776|-73.956
(40.776,-73.958)|2623|18474|25594|20776|67467|40.776|-73.958
(40.776,-73.96)|1248|27115|28198|16503|73064|40.776|-73.96
(40.776,-73.961)|907|13904|18326|10434|43571|40.776|-73.961
(40.776,-73.962)|1583|25440|38690|23478|89191|40.776|-73.962
(40.776,-73.976)|3775|31751|42327|29722|107575|40.776|-73.976
(40.776,-73.98)|5171|15571|22678|30051|73471|40.776|-73.98
(40.776,-73.982)|7366|24528|29340|33897|95131|40.776|-73.982
(40.776,-73.99)|580|8421|6894|5357|21252|40.776|-73.99
(40.777,-73.946)|2986|22826|16026|12646|54484|40.777|-73.946
(40.777,-73.949)|5674|19329|19729|19573|64305|40.777|-73.949
(40.777,-73.952)|16687|20324|24910|38570|100491|40.777|-73.952
(40.777,-73.955)|4613|31429|23902|20559|80503|40.777|-73.955
(40.777,-73.956)|3143|12827|9543|9937|35450|40.777|-73.956
(40.777,-73.957)|2284|13653|17213|15208|48358|40.777|-73.957
(40.777,-73.96)|854|18597|17763|10334|47548|40.777|-73.96
(40.777,-73.962)|892|17717|23856|11636|54101|40.777|-73.962
(40.777,-73.963)|733|7441|12375|8176|28725|40.777|-73.963
(40.777,-73.964)|1775|10677|26698|17279|56429|40.777|-73.964
(40.777,-73.977)|829|10027|9357|8124|28337|40.777|-73.977
(40.777,-73.978)|1190|10138|9491|8307|29126|40.777|-73.978
(40.777,-73.979)|10459|31019|38684|47929|128091|40.777|-73.979
(40.777,-73.982)|7725|27129|28611|31795|95260|40.777|-73.982
(40.777,-73.983)|2133|13593|12210|14881|42817|40.777|-73.983
(40.777,-73.986)|617|8872|9899|6256|25644|40.777|-73.986
(40.777,-73.989)|1034|13835|10153|7414|32436|40.777|-73.989
(40.778,-73.946)|2687|23823|19051|14231|59792|40.778|-73.946
(40.778,-73.952)|10699|27926|41719|42147|122491|40.778|-73.952
(40.778,-73.954)|2570|13682|17751|13836|47839|40.778|-73.954
(40.778,-73.955)|5083|25243|28260|20445|79031|40.778|-73.955
(40.778,-73.957)|3112|23005|27047|23385|76549|40.778|-73.957
(40.778,-73.959)|1226|27297|29723|17908|76154|40.778|-73.959
(40.778,-73.961)|1076|18283|24604|11679|55642|40.778|-73.961
(40.778,-73.963)|1222|13849|36994|18479|70544|40.778|-73.963
(40.778,-73.982)|12459|41268|51101|51621|156449|40.778|-73.982
(40.778,-73.989)|1388|13742|11901|11022|38053|40.778|-73.989
(40.779,-73.945)|2009|31278|28527|21204|83018|40.779|-73.945
(40.779,-73.948)|4435|21181|14651|14128|54395|40.779|-73.948
(40.779,-73.951)|12148|24792|28261|42783|107984|40.779|-73.951
(40.779,-73.954)|12853|45566|68272|64493|191184|40.779|-73.954
(40.779,-73.955)|5821|18853|32954|32901|90529|40.779|-73.955
(40.779,-73.956)|11104|51354|60126|53502|176086|40.779|-73.956
(40.779,-73.958)|1142|27463|31182|18400|78187|40.779|-73.958
(40.779,-73.96)|940|17195|22894|10947|51976|40.779|-73.96
(40.779,-73.962)|933|22120|160883|46609|230545|40.779|-73.962
(40.779,-73.981)|4554|21135|28840|27610|82139|40.779|-73.981
(40.779,-73.982)|11323|34078|54565|54106|154072|40.779|-73.982
(40.779,-73.983)|534|3070|4623|4094|12321|40.779|-73.983
(40.779,-73.988)|1218|16010|14134|10692|42054|40.779|-73.988
(40.78,-73.945)|1064|13194|8983|6347|29588|40.78|-73.945
(40.78,-73.947)|4305|20495|18298|17059|60157|40.78|-73.947
(40.78,-73.95)|12604|26926|24162|35094|98786|40.78|-73.95
(40.78,-73.953)|4863|20454|27661|25200|78178|40.78|-73.953
(40.78,-73.955)|5093|32294|47436|36377|121200|40.78|-73.955
(40.78,-73.956)|7240|38773|49678|38714|134405|40.78|-73.956
(40.78,-73.957)|2288|28946|34699|21614|87547|40.78|-73.957
(40.78,-73.959)|646|14528|19064|9343|43581|40.78|-73.959
(40.78,-73.96)|607|13970|17909|8855|41341|40.78|-73.96
(40.78,-73.961)|543|6985|12418|7079|27025|40.78|-73.961
(40.78,-73.962)|1127|9608|22037|12649|45421|40.78|-73.962
(40.78,-73.973)|913|4006|23609|7183|35711|40.78|-73.973
(40.78,-73.981)|3752|19180|28046|26839|77817|40.78|-73.981
(40.78,-73.982)|3265|14344|22735|23193|63537|40.78|-73.982
(40.781,-73.946)|3443|15880|11469|9883|40675|40.781|-73.946
(40.781,-73.949)|5958|15926|13625|15639|51148|40.781|-73.949
(40.781,-73.95)|6961|18238|16751|17562|59512|40.781|-73.95
(40.781,-73.952)|3145|16100|14412|15325|48982|40.781|-73.952
(40.781,-73.953)|2819|10805|9596|9888|33108|40.781|-73.953
(40.781,-73.957)|1193|24572|25649|14317|65731|40.781|-73.957
(40.781,-73.959)|2492|28714|39604|28834|99644|40.781|-73.959
(40.781,-73.961)|1506|17652|32574|16067|67799|40.781|-73.961
(40.781,-73.973)|560|4892|56029|5212|66693|40.781|-73.973
(40.781,-73.976)|2602|13370|26762|29713|72447|40.781|-73.976
(40.781,-73.98)|6570|26496|34592|35030|102688|40.781|-73.98
(40.781,-73.981)|4280|34780|74191|49416|162667|40.781|-73.981
(40.782,-73.949)|8497|27341|22335|23875|82048|40.782|-73.949
(40.782,-73.952)|3723|17627|14132|12488|47970|40.782|-73.952
(40.782,-73.956)|1575|38971|42228|23181|105955|40.782|-73.956
(40.782,-73.958)|972|19327|24014|12610|56923|40.782|-73.958
(40.782,-73.96)|953|16551|22135|13864|53503|40.782|-73.96
(40.782,-73.972)|5976|22016|42777|34475|105244|40.782|-73.972
(40.782,-73.979)|3751|20001|21454|21312|66518|40.782|-73.979
(40.782,-73.98)|1161|8658|7691|7588|25098|40.782|-73.98
(40.782,-73.981)|5904|30373|43065|41874|121216|40.782|-73.981
(40.783,-73.948)|5065|30328|22276|21022|78691|40.783|-73.948
(40.783,-73.951)|4250|20663|20287|16619|61819|40.783|-73.951
(40.783,-73.953)|3408|34517|47311|45319|130555|40.783|-73.953
(40.783,-73.955)|1483|36628|39275|18920|96306|40.783|-73.955
(40.783,-73.957)|1246|26476|28245|14621|70588|40.783|-73.957
(40.783,-73.959)|1009|13917|37848|14733|67507|40.783|-73.959
(40.783,-73.971)|1943|14607|16447|12581|45578|40.783|-73.971
(40.783,-73.973)|495|4659|4967|4127|14248|40.783|-73.973
(40.783,-73.974)|2931|14824|19056|20772|57583|40.783|-73.974
(40.783,-73.975)|4109|19398|21055|19419|63981|40.783|-73.975
(40.783,-73.978)|7513|22496|25724|29713|85446|40.783|-73.978
(40.783,-73.979)|3608|17529|18799|18207|58143|40.783|-73.979
(40.783,-73.981)|3721|16882|24945|19860|65408|40.783|-73.981
(40.784,-73.95)|4777|15466|12321|13717|46281|40.784|-73.95
(40.784,-73.952)|2059|21285|20038|14408|57790|40.784|-73.952
(40.784,-73.954)|793|19525|18699|11665|50682|40.784|-73.954
(40.784,-73.955)|728|20805|25670|13058|60261|40.784|-73.955
(40.784,-73.956)|419|11412|13804|5975|31610|40.784|-73.956
(40.784,-73.957)|359|10891|11720|5952|28922|40.784|-73.957
(40.784,-73.97)|1465|14661|14517|10459|41102|40.784|-73.97
(40.784,-73.971)|472|6676|6467|4543|18158|40.784|-73.971
(40.784,-73.974)|3696|20664|24305|26425|75090|40.784|-73.974
(40.784,-73.978)|15357|10572|15380|28667|69976|40.784|-73.978
(40.784,-73.98)|11411|28495|44999|43297|128202|40.784|-73.98
(40.785,-73.949)|3136|10789|7856|8348|30129|40.785|-73.949
(40.785,-73.95)|3521|20371|11201|10833|45926|40.785|-73.95
(40.785,-73.951)|1260|8543|7487|5525|22815|40.785|-73.951
(40.785,-73.954)|1376|32396|29339|18566|81677|40.785|-73.954
(40.785,-73.956)|1154|21986|25639|20051|68830|40.785|-73.956
(40.785,-73.969)|2194|8856|10459|8173|29682|40.785|-73.969
(40.785,-73.97)|2922|18542|20875|16227|58566|40.785|-73.97
(40.785,-73.973)|11445|14474|19156|26862|71937|40.785|-73.973
(40.785,-73.977)|14350|9190|17010|27143|67693|40.785|-73.977
(40.785,-73.979)|3974|23914|50496|25859|104243|40.785|-73.979
(40.786,-73.943)|814|2118|1541|1464|5937|40.786|-73.943
(40.786,-73.949)|1380|2560|3092|2674|9706|40.786|-73.949
(40.786,-73.95)|1156|5478|4314|4306|15254|40.786|-73.95
(40.786,-73.951)|7882|30426|25441|24650|88399|40.786|-73.951
(40.786,-73.952)|1055|3908|3864|3513|12340|40.786|-73.952
(40.786,-73.953)|1356|25664|24156|14903|66079|40.786|-73.953
(40.786,-73.969)|1980|19207|19875|14685|55747|40.786|-73.969
(40.786,-73.971)|622|5878|6362|5602|18464|40.786|-73.971
(40.786,-73.972)|3252|18525|18569|16504|56850|40.786|-73.972
(40.786,-73.973)|4065|14355|15889|17792|52101|40.786|-73.973
(40.786,-73.976)|11240|11517|19155|28623|70535|40.786|-73.976
(40.786,-73.977)|2812|3284|6370|7575|20041|40.786|-73.977
(40.786,-73.978)|4376|17036|34649|24655|80716|40.786|-73.978
(40.786,-73.979)|1665|8913|18217|12333|41128|40.786|-73.979
(40.786,-73.98)|1656|20498|22470|16197|60821|40.786|-73.98
(40.787,-73.943)|171|374|296|411|1252|40.787|-73.943
(40.787,-73.945)|2770|9541|8416|7814|28541|40.787|-73.945
(40.787,-73.954)|1987|13718|12600|9190|37495|40.787|-73.954
(40.787,-73.972)|3999|26697|27657|24226|82579|40.787|-73.972
(40.787,-73.973)|809|6320|7289|6136|20554|40.787|-73.973
(40.787,-73.974)|658|5699|6254|5456|18067|40.787|-73.974
(40.787,-73.976)|5552|4934|7882|13471|31839|40.787|-73.976
(40.787,-73.978)|10258|14545|30441|36345|91589|40.787|-73.978
(40.787,-73.979)|1905|16210|15626|10935|44676|40.787|-73.979
(40.788,-73.947)|588|1078|1037|952|3655|40.788|-73.947
(40.788,-73.953)|500|2821|3242|1760|8323|40.788|-73.953
(40.788,-73.954)|1314|6659|5824|3875|17672|40.788|-73.954
(40.788,-73.955)|650|9784|8517|5780|24731|40.788|-73.955
(40.788,-73.956)|1097|13438|11497|6356|32388|40.788|-73.956
(40.788,-73.968)|756|8187|8929|5690|23562|40.788|-73.968
(40.788,-73.971)|2853|21764|21731|17091|63439|40.788|-73.971
(40.788,-73.975)|6009|21058|25417|27277|79761|40.788|-73.975
(40.788,-73.976)|6273|13841|19682|20251|60047|40.788|-73.976
(40.788,-73.977)|12589|26198|36833|37122|112742|40.788|-73.977
(40.788,-73.978)|1183|10420|10398|7568|29569|40.788|-73.978
(40.788,-73.979)|1256|11113|10209|7876|30454|40.788|-73.979
(40.789,-73.949)|1625|5323|3935|4855|15738|40.789|-73.949
(40.789,-73.953)|552|3943|5694|1745|11934|40.789|-73.953
(40.789,-73.955)|1865|27492|29821|14673|73851|40.789|-73.955
(40.789,-73.967)|1092|17735|17154|10363|46344|40.789|-73.967
(40.789,-73.971)|959|7929|7921|6219|23028|40.789|-73.971
(40.789,-73.974)|2093|7134|8221|10762|28210|40.789|-73.974
(40.789,-73.976)|5232|26397|31504|25152|88285|40.789|-73.976
(40.789,-73.978)|2396|20168|20337|15935|58836|40.789|-73.978
(40.789,-73.979)|119|1713|2107|1727|5666|40.789|-73.979
(40.79,-73.946)|909|1244|1480|1164|4797|40.79|-73.946
(40.79,-73.948)|4240|9474|6927|8440|29081|40.79|-73.948
(40.79,-73.952)|2150|6456|5432|2882|16920|40.79|-73.952
(40.79,-73.973)|1544|10895|11590|8346|32375|40.79|-73.973
(40.79,-73.975)|3386|21491|28611|24483|77971|40.79|-73.975
(40.79,-73.977)|2017|19232|19199|15418|55866|40.79|-73.977
(40.79,-73.98)|139|1557|2447|2395|6538|40.79|-73.98
(40.791,-73.945)|671|1043|1812|1111|4637|40.791|-73.945
(40.791,-73.947)|2034|4409|4287|4783|15513|40.791|-73.947
(40.791,-73.969)|3752|17628|21067|16876|59323|40.791|-73.969
(40.791,-73.973)|1068|7049|7388|5498|21003|40.791|-73.973
(40.791,-73.974)|3291|13907|17051|17151|51400|40.791|-73.974
(40.791,-73.975)|3861|16722|23146|18244|61973|40.791|-73.975
(40.791,-73.976)|1299|13131|12388|9596|36414|40.791|-73.976
(40.792,-73.944)|477|783|1132|707|3099|40.792|-73.944
(40.792,-73.964)|1527|10457|8314|5463|25761|40.792|-73.964
(40.792,-73.965)|3752|15056|15350|14507|48665|40.792|-73.965
(40.792,-73.968)|3381|17633|19421|14644|55079|40.792|-73.968
(40.792,-73.972)|1266|8050|9365|10645|29326|40.792|-73.972
(40.792,-73.974)|4357|23514|27458|24008|79337|40.792|-73.974
(40.793,-73.967)|4020|26706|24764|19465|74955|40.793|-73.967
(40.793,-73.968)|2622|16274|14382|10744|44022|40.793|-73.968
(40.793,-73.971)|2002|6455|8904|10247|27608|40.793|-73.971
(40.793,-73.973)|8412|29157|32576|31256|101401|40.793|-73.973
(40.793,-73.975)|2742|19598|18090|12527|52957|40.793|-73.975
(40.794,-73.94)|3956|7422|5120|6355|22853|40.794|-73.94
(40.794,-73.943)|831|1050|1085|974|3940|40.794|-73.943
(40.794,-73.967)|2630|24207|52041|35575|114453|40.794|-73.967
(40.794,-73.97)|4577|9301|12484|12039|38401|40.794|-73.97
(40.794,-73.971)|4643|5006|6810|10782|27241|40.794|-73.971
(40.794,-73.972)|20707|22539|28307|36060|107613|40.794|-73.972
(40.795,-73.942)|749|835|809|1037|3430|40.795|-73.942
(40.795,-73.966)|2846|25480|40119|24472|92917|40.795|-73.966
(40.795,-73.971)|4929|10993|14271|13322|43515|40.795|-73.971
(40.795,-73.972)|18213|22564|27835|32246|100858|40.795|-73.972
(40.796,-73.971)|3949|16855|20908|20096|61808|40.796|-73.971
(40.797,-73.97)|4559|19814|23134|20186|67693|40.797|-73.97
(40.798,-73.94)|1378|1344|1388|1496|5606|40.798|-73.94
(40.799,-73.939)|319|351|502|479|1651|40.799|-73.939
(40.799,-73.952)|1170|1296|1379|1994|5839|40.799|-73.952
(40.799,-73.963)|5637|16362|15503|16068|53570|40.799|-73.963
(40.799,-73.969)|5352|19475|17659|16379|58865|40.799|-73.969
(40.8,-73.968)|8090|18214|18707|20261|65272|40.8|-73.968
(40.8,-73.97)|1563|17578|13348|10040|42529|40.8|-73.97
(40.801,-73.968)|9515|17316|19040|24465|70336|40.801|-73.968
(40.802,-73.968)|6678|23817|18385|16534|65414|40.802|-73.968
(40.803,-73.968)|3263|18744|16875|14409|53291|40.803|-73.968
(40.804,-73.967)|10642|30495|29722|26084|96943|40.804|-73.967
(40.805,-73.938)|1257|1668|1267|1656|5848|40.805|-73.938
(40.805,-73.939)|1489|11515|7433|8334|28771|40.805|-73.939
(40.805,-73.962)|3013|5600|8638|6481|23732|40.805|-73.962
(40.805,-73.966)|5528|18261|20084|16777|60650|40.805|-73.966
(40.806,-73.965)|2789|6980|8979|9103|27851|40.806|-73.965
(40.807,-73.961)|1871|3647|8250|7769|21537|40.807|-73.961
(40.807,-73.964)|1563|2353|4008|3521|11445|40.807|-73.964
(40.807,-73.965)|4074|11869|18285|13443|47671|40.807|-73.965
(40.808,-73.964)|6469|12622|19514|18872|57477|40.808|-73.964
(40.811,-73.93)|185|348|860|86|1479|40.811|-73.93
(40.812,-73.93)|472|994|802|388|2656|40.812|-73.93
(40.813,-73.954)|79|431|505|242|1257|40.813|-73.954
(40.814,-73.96)|2351|7877|5935|8438|24601|40.814|-73.96
(40.815,-73.959)|5023|11129|8013|9067|33232|40.815|-73.959
(40.82,-73.955)|3423|7311|4745|5155|20634|40.82|-73.955
(40.821,-73.955)|1880|3903|2423|2943|11149|40.821|-73.955
(40.855,-73.931)|130|117|111|235|593|40.855|-73.931
