node|y|x|degree|out_degree|in_degree
(40.734,-73.991)|40.734|-73.991|4|4|0
(40.739,-74.008)|40.739|-74.008|3|3|0
(40.733,-74.003)|40.733|-74.003|11|2|9
(40.777,-73.956)|40.777|-73.956|3|0|3
(40.75,-73.975)|40.75|-73.975|13|5|8
(40.775,-73.988)|40.775|-73.988|1|0|1
(40.741,-73.988)|40.741|-73.988|9|2|7
(40.737,-73.984)|40.737|-73.984|1|1|0
(40.72,-74.009)|40.72|-74.009|1|1|0
(40.769,-73.965)|40.769|-73.965|2|1|1
(40.781,-73.98)|40.781|-73.98|24|13|11
(40.738,-74.008)|40.738|-74.008|2|2|0
(40.786,-73.951)|40.786|-73.951|11|7|4
(40.742,-73.981)|40.742|-73.981|32|21|11
(40.751,-73.976)|40.751|-73.976|17|8|9
(40.711,-74.016)|40.711|-74.016|15|11|4
(40.753,-73.978)|40.753|-73.978|29|12|17
(40.755,-73.978)|40.755|-73.978|21|12|9
(40.741,-73.998)|40.741|-73.998|12|4|8
(40.766,-73.982)|40.766|-73.982|4|3|1
(40.763,-73.968)|40.763|-73.968|59|21|38
(40.806,-73.965)|40.806|-73.965|3|0|3
(40.738,-73.997)|40.738|-73.997|1|1|0
(40.769,-73.952)|40.769|-73.952|2|2|0
(40.764,-73.996)|40.764|-73.996|8|4|4
(40.807,-73.964)|40.807|-73.964|1|0|1
(40.772,-73.965)|40.772|-73.965|9|5|4
(40.73,-73.978)|40.73|-73.978|2|2|0
(40.749,-73.992)|40.749|-73.992|354|83|271
(40.728,-73.982)|40.728|-73.982|1|1|0
(40.759,-73.996)|40.759|-73.996|11|3|8
(40.739,-73.977)|40.739|-73.977|15|1|14
(40.756,-73.993)|40.756|-73.993|1|0|1
(40.761,-73.997)|40.761|-73.997|1|0|1
(40.745,-73.998)|40.745|-73.998|7|5|2
(40.743,-74.008)|40.743|-74.008|4|1|3
(40.764,-73.974)|40.764|-73.974|28|21|7
(40.758,-73.963)|40.758|-73.963|4|3|1
(40.738,-73.99)|40.738|-73.99|4|2|2
(40.726,-73.996)|40.726|-73.996|3|0|3
(40.78,-73.962)|40.78|-73.962|6|0|6
(40.758,-73.973)|40.758|-73.973|10|1|9
(40.741,-74.007)|40.741|-74.007|6|1|5
(40.75,-74.003)|40.75|-74.003|10|5|5
(40.765,-73.975)|40.765|-73.975|16|8|8
(40.715,-74.016)|40.715|-74.016|18|13|5
(40.773,-73.963)|40.773|-73.963|1|1|0
(40.766,-73.976)|40.766|-73.976|2|1|1
(40.747,-74.002)|40.747|-74.002|1|1|0
(40.755,-73.991)|40.755|-73.991|13|3|10
(40.709,-74.015)|40.709|-74.015|3|3|0
(40.757,-73.964)|40.757|-73.964|9|6|3
(40.766,-73.978)|40.766|-73.978|2|1|1
(40.749,-73.977)|40.749|-73.977|3|1|2
(40.771,-73.96)|40.771|-73.96|14|6|8
(40.77,-73.988)|40.77|-73.988|9|2|7
(40.747,-73.977)|40.747|-73.977|7|2|5
(40.742,-74.001)|40.742|-74.001|12|11|1
(40.754,-73.976)|40.754|-73.976|3|0|3
(40.774,-73.982)|40.774|-73.982|45|23|22
(40.733,-73.985)|40.733|-73.985|1|0|1
(40.755,-73.971)|40.755|-73.971|8|3|5
(40.754,-73.977)|40.754|-73.977|7|4|3
(40.746,-73.978)|40.746|-73.978|47|29|18
(40.791,-73.969)|40.791|-73.969|1|1|0
(40.772,-73.983)|40.772|-73.983|28|19|9
(40.731,-74.001)|40.731|-74.001|7|7|0
(40.771,-73.955)|40.771|-73.955|1|0|1
(40.773,-73.965)|40.773|-73.965|1|0|1
(40.723,-73.988)|40.723|-73.988|5|5|0
(40.722,-74.004)|40.722|-74.004|5|3|2
(40.756,-73.984)|40.756|-73.984|5|2|3
(40.764,-73.956)|40.764|-73.956|22|9|13
(40.754,-73.985)|40.754|-73.985|19|6|13
(40.789,-73.978)|40.789|-73.978|2|1|1
(40.747,-73.973)|40.747|-73.973|1|0|1
(40.763,-73.979)|40.763|-73.979|20|7|13
(40.768,-73.862)|40.768|-73.862|22|0|22
(40.73,-73.981)|40.73|-73.981|2|2|0
(40.709,-74.017)|40.709|-74.017|1|1|0
(40.721,-74.01)|40.721|-74.01|20|6|14
(40.754,-73.969)|40.754|-73.969|13|12|1
(40.745,-73.982)|40.745|-73.982|3|3|0
(40.76,-73.972)|40.76|-73.972|26|2|24
(40.749,-74.006)|40.749|-74.006|1|0|1
(40.76,-73.992)|40.76|-73.992|3|3|0
(40.767,-73.994)|40.767|-73.994|1|1|0
(40.779,-73.956)|40.779|-73.956|42|38|4
(40.756,-74.001)|40.756|-74.001|4|0|4
(40.729,-73.987)|40.729|-73.987|9|4|5
(40.739,-73.987)|40.739|-73.987|21|17|4
(40.731,-73.981)|40.731|-73.981|1|1|0
(40.776,-73.947)|40.776|-73.947|14|11|3
(40.722,-73.984)|40.722|-73.984|1|1|0
(40.781,-73.959)|40.781|-73.959|14|6|8
(40.803,-73.968)|40.803|-73.968|2|2|0
(40.757,-74.001)|40.757|-74.001|9|3|6
(40.743,-73.989)|40.743|-73.989|3|1|2
(40.805,-73.939)|40.805|-73.939|31|0|31
(40.729,-74.005)|40.729|-74.005|2|1|1
(40.761,-73.99)|40.761|-73.99|1|1|0
(40.756,-73.983)|40.756|-73.983|29|12|17
(40.736,-73.994)|40.736|-73.994|7|2|5
(40.761,-73.987)|40.761|-73.987|43|19|24
(40.758,-73.984)|40.758|-73.984|2|1|1
(40.788,-73.968)|40.788|-73.968|2|0|2
(40.719,-74.005)|40.719|-74.005|2|2|0
(40.751,-74.007)|40.751|-74.007|2|1|1
(40.775,-73.951)|40.775|-73.951|6|3|3
(40.745,-73.978)|40.745|-73.978|3|2|1
(40.718,-74.0)|40.718|-74.0|1|1|0
(40.746,-74.002)|40.746|-74.002|2|2|0
(40.762,-73.968)|40.762|-73.968|27|16|11
(40.774,-73.958)|40.774|-73.958|3|1|2
(40.766,-73.952)|40.766|-73.952|3|1|2
(40.765,-73.966)|40.765|-73.966|56|28|28
(40.761,-73.97)|40.761|-73.97|6|1|5
(40.763,-73.983)|40.763|-73.983|14|9|5
(40.742,-74.004)|40.742|-74.004|56|30|26
(40.759,-73.974)|40.759|-73.974|4|0|4
(40.739,-73.995)|40.739|-73.995|1|1|0
(40.779,-73.962)|40.779|-73.962|75|65|10
(40.746,-73.981)|40.746|-73.981|1|0|1
(40.759,-73.966)|40.759|-73.966|7|7|0
(40.762,-73.96)|40.762|-73.96|16|15|1
(40.747,-73.982)|40.747|-73.982|3|2|1
(40.771,-73.948)|40.771|-73.948|1|0|1
(40.761,-73.979)|40.761|-73.979|11|3|8
(40.767,-73.983)|40.767|-73.983|19|7|12
(40.752,-73.993)|40.752|-73.993|15|15|0
(40.752,-73.982)|40.752|-73.982|26|11|15
(40.788,-73.975)|40.788|-73.975|12|4|8
(40.731,-73.992)|40.731|-73.992|6|3|3
(40.737,-73.99)|40.737|-73.99|1|1|0
(40.774,-73.951)|40.774|-73.951|5|3|2
(40.762,-73.983)|40.762|-73.983|19|11|8
(40.767,-73.954)|40.767|-73.954|40|24|16
(40.768,-73.968)|40.768|-73.968|8|8|0
(40.765,-73.971)|40.765|-73.971|3|3|0
(40.74,-73.989)|40.74|-73.989|2|1|1
(40.705,-74.015)|40.705|-74.015|1|0|1
(40.741,-74.005)|40.741|-74.005|41|8|33
(40.764,-73.983)|40.764|-73.983|13|8|5
(40.742,-73.991)|40.742|-73.991|3|0|3
(40.748,-73.993)|40.748|-73.993|5|4|1
(40.769,-73.968)|40.769|-73.968|1|1|0
(40.721,-73.997)|40.721|-73.997|1|1|0
(40.756,-73.98)|40.756|-73.98|1|0|1
(40.746,-73.984)|40.746|-73.984|10|10|0
(40.763,-73.993)|40.763|-73.993|7|3|4
(40.766,-73.963)|40.766|-73.963|9|8|1
(40.726,-74.004)|40.726|-74.004|6|6|0
(40.74,-73.987)|40.74|-73.987|7|4|3
(40.714,-74.014)|40.714|-74.014|19|3|16
(40.751,-73.991)|40.751|-73.991|260|65|195
(40.74,-73.979)|40.74|-73.979|3|3|0
(40.765,-73.981)|40.765|-73.981|29|18|11
(40.8,-73.968)|40.8|-73.968|1|1|0
(40.79,-73.948)|40.79|-73.948|2|1|1
(40.744,-74.007)|40.744|-74.007|25|16|9
(40.744,-73.979)|40.744|-73.979|6|4|2
(40.735,-73.99)|40.735|-73.99|16|15|1
(40.739,-73.992)|40.739|-73.992|5|1|4
(40.762,-73.966)|40.762|-73.966|91|81|10
(40.788,-73.947)|40.788|-73.947|1|0|1
(40.759,-73.98)|40.759|-73.98|5|1|4
(40.782,-73.981)|40.782|-73.981|18|11|7
(40.768,-73.953)|40.768|-73.953|4|1|3
(40.752,-73.975)|40.752|-73.975|94|34|60
(40.737,-73.989)|40.737|-73.989|33|24|9
(40.764,-73.984)|40.764|-73.984|1|0|1
(40.748,-74.0)|40.748|-74.0|1|1|0
(40.727,-74.006)|40.727|-74.006|1|1|0
(40.748,-73.975)|40.748|-73.975|1|0|1
(40.743,-73.997)|40.743|-73.997|1|1|0
(40.741,-73.985)|40.741|-73.985|4|1|3
(40.754,-73.972)|40.754|-73.972|15|5|10
(40.735,-73.991)|40.735|-73.991|15|7|8
(40.753,-73.966)|40.753|-73.966|1|0|1
(40.76,-73.98)|40.76|-73.98|16|2|14
(40.764,-73.978)|40.764|-73.978|19|4|15
(40.755,-73.968)|40.755|-73.968|16|13|3
(40.764,-73.962)|40.764|-73.962|13|4|9
(40.726,-73.992)|40.726|-73.992|13|11|2
(40.791,-73.973)|40.791|-73.973|1|0|1
(40.737,-73.997)|40.737|-73.997|35|29|6
(40.744,-73.986)|40.744|-73.986|18|13|5
(40.776,-73.944)|40.776|-73.944|2|0|2
(40.787,-73.943)|40.787|-73.943|1|0|1
(40.778,-73.963)|40.778|-73.963|6|6|0
(40.766,-73.998)|40.766|-73.998|2|1|1
(40.726,-73.977)|40.726|-73.977|1|1|0
(40.737,-73.987)|40.737|-73.987|1|1|0
(40.755,-73.981)|40.755|-73.981|3|0|3
(40.738,-74.005)|40.738|-74.005|1|1|0
(40.732,-74.001)|40.732|-74.001|16|16|0
(40.742,-73.984)|40.742|-73.984|2|2|0
(40.764,-73.971)|40.764|-73.971|35|18|17
(40.753,-73.98)|40.753|-73.98|7|1|6
(40.756,-73.998)|40.756|-73.998|4|0|4
(40.758,-73.993)|40.758|-73.993|16|7|9
(40.745,-74.006)|40.745|-74.006|2|2|0
(40.738,-73.984)|40.738|-73.984|11|8|3
(40.766,-73.97)|40.766|-73.97|3|3|0
(40.703,-74.014)|40.703|-74.014|1|0|1
(40.736,-73.989)|40.736|-73.989|3|3|0
(40.738,-73.992)|40.738|-73.992|14|6|8
(40.733,-74.007)|40.733|-74.007|6|5|1
(40.758,-73.978)|40.758|-73.978|24|16|8
(40.753,-73.975)|40.753|-73.975|50|11|39
(40.747,-73.981)|40.747|-73.981|16|10|6
(40.774,-73.964)|40.774|-73.964|38|9|29
(40.773,-73.99)|40.773|-73.99|2|0|2
(40.74,-74.008)|40.74|-74.008|1|1|0
(40.728,-73.991)|40.728|-73.991|3|2|1
(40.757,-73.978)|40.757|-73.978|19|10|9
(40.757,-73.97)|40.757|-73.97|28|12|16
(40.783,-73.979)|40.783|-73.979|6|2|4
(40.705,-74.016)|40.705|-74.016|4|4|0
(40.756,-73.974)|40.756|-73.974|7|3|4
(40.73,-73.991)|40.73|-73.991|3|3|0
(40.759,-73.983)|40.759|-73.983|5|1|4
(40.796,-73.971)|40.796|-73.971|3|2|1
(40.74,-73.991)|40.74|-73.991|13|5|8
(40.772,-73.957)|40.772|-73.957|1|0|1
(40.764,-73.965)|40.764|-73.965|9|9|0
(40.758,-73.976)|40.758|-73.976|6|0|6
(40.729,-73.984)|40.729|-73.984|2|2|0
(40.74,-73.996)|40.74|-73.996|1|0|1
(40.76,-73.997)|40.76|-73.997|1|0|1
(40.754,-73.979)|40.754|-73.979|9|2|7
(40.766,-73.991)|40.766|-73.991|2|1|1
(40.776,-73.953)|40.776|-73.953|5|4|1
(40.739,-73.99)|40.739|-73.99|5|2|3
(40.739,-74.002)|40.739|-74.002|1|1|0
(40.757,-73.974)|40.757|-73.974|22|9|13
(40.757,-73.977)|40.757|-73.977|6|0|6
(40.722,-74.01)|40.722|-74.01|1|0|1
(40.76,-73.97)|40.76|-73.97|12|10|2
(40.782,-73.958)|40.782|-73.958|10|1|9
(40.78,-73.955)|40.78|-73.955|27|9|18
(40.757,-73.967)|40.757|-73.967|33|26|7
(40.744,-73.983)|40.744|-73.983|4|4|0
(40.74,-73.977)|40.74|-73.977|1|0|1
(40.734,-73.981)|40.734|-73.981|4|4|0
(40.732,-73.99)|40.732|-73.99|2|2|0
(40.733,-73.996)|40.733|-73.996|5|2|3
(40.727,-73.986)|40.727|-73.986|4|4|0
(40.765,-73.974)|40.765|-73.974|7|0|7
(40.738,-74.0)|40.738|-74.0|11|5|6
(40.753,-73.993)|40.753|-73.993|19|16|3
(40.777,-73.963)|40.777|-73.963|2|1|1
(40.746,-74.006)|40.746|-74.006|1|1|0
(40.762,-73.975)|40.762|-73.975|29|22|7
(40.761,-73.973)|40.761|-73.973|9|2|7
(40.739,-73.999)|40.739|-73.999|5|1|4
(40.746,-73.985)|40.746|-73.985|1|1|0
(40.735,-73.986)|40.735|-73.986|7|7|0
(40.716,-74.007)|40.716|-74.007|1|1|0
(40.791,-73.947)|40.791|-73.947|1|1|0
(40.768,-73.984)|40.768|-73.984|2|0|2
(40.786,-73.98)|40.786|-73.98|1|0|1
(40.787,-73.972)|40.787|-73.972|6|4|2
(40.781,-73.953)|40.781|-73.953|2|1|1
(40.759,-73.978)|40.759|-73.978|7|1|6
(40.772,-73.952)|40.772|-73.952|1|1|0
(40.76,-73.987)|40.76|-73.987|2|1|1
(40.743,-73.983)|40.743|-73.983|1|0|1
(40.741,-73.982)|40.741|-73.982|8|4|4
(40.752,-73.987)|40.752|-73.987|1|0|1
(40.748,-73.978)|40.748|-73.978|2|2|0
(40.771,-73.988)|40.771|-73.988|2|1|1
(40.739,-73.983)|40.739|-73.983|33|22|11
(40.762,-73.987)|40.762|-73.987|6|5|1
(40.767,-73.987)|40.767|-73.987|1|1|0
(40.763,-73.974)|40.763|-73.974|60|41|19
(40.704,-74.009)|40.704|-74.009|4|3|1
(40.788,-73.955)|40.788|-73.955|1|1|0
(40.745,-73.992)|40.745|-73.992|3|3|0
(40.747,-73.993)|40.747|-73.993|1|1|0
(40.767,-73.997)|40.767|-73.997|1|0|1
(40.765,-73.956)|40.765|-73.956|1|0|1
(40.76,-73.976)|40.76|-73.976|26|20|6
(40.74,-74.003)|40.74|-74.003|4|3|1
(40.751,-73.98)|40.751|-73.98|3|0|3
(40.746,-73.99)|40.746|-73.99|1|0|1
(40.793,-73.967)|40.793|-73.967|4|4|0
(40.736,-73.985)|40.736|-73.985|7|7|0
(40.759,-73.973)|40.759|-73.973|11|1|10
(40.778,-73.957)|40.778|-73.957|2|2|0
(40.755,-73.975)|40.755|-73.975|18|7|11
(40.742,-73.989)|40.742|-73.989|26|3|23
(40.766,-73.977)|40.766|-73.977|1|0|1
(40.767,-73.971)|40.767|-73.971|1|0|1
(40.752,-73.978)|40.752|-73.978|119|80|39
(40.751,-74.002)|40.751|-74.002|4|2|2
(40.799,-73.969)|40.799|-73.969|2|2|0
(40.749,-73.984)|40.749|-73.984|14|1|13
(40.762,-73.98)|40.762|-73.98|6|1|5
(40.77,-73.951)|40.77|-73.951|5|1|4
(40.746,-74.001)|40.746|-74.001|1|1|0
(40.766,-73.957)|40.766|-73.957|8|1|7
(40.751,-73.995)|40.751|-73.995|8|2|6
(40.784,-73.98)|40.784|-73.98|14|12|2
(40.73,-73.99)|40.73|-73.99|4|4|0
(40.74,-73.983)|40.74|-73.983|1|1|0
(40.729,-73.99)|40.729|-73.99|3|3|0
(40.732,-73.989)|40.732|-73.989|2|0|2
(40.744,-74.003)|40.744|-74.003|1|1|0
(40.751,-73.981)|40.751|-73.981|7|3|4
(40.776,-73.98)|40.776|-73.98|4|0|4
(40.73,-74.007)|40.73|-74.007|1|1|0
(40.741,-74.008)|40.741|-74.008|15|8|7
(40.729,-73.978)|40.729|-73.978|1|1|0
(40.739,-73.996)|40.739|-73.996|8|8|0
(40.74,-73.984)|40.74|-73.984|1|0|1
(40.769,-73.963)|40.769|-73.963|5|2|3
(40.759,-73.965)|40.759|-73.965|5|5|0
(40.739,-73.984)|40.739|-73.984|3|0|3
(40.761,-74.0)|40.761|-74.0|3|1|2
(40.761,-73.974)|40.761|-73.974|2|0|2
(40.792,-73.944)|40.792|-73.944|1|0|1
(40.702,-74.013)|40.702|-74.013|4|3|1
(40.762,-73.958)|40.762|-73.958|1|0|1
(40.748,-73.987)|40.748|-73.987|1|0|1
(40.724,-73.988)|40.724|-73.988|6|6|0
(40.725,-73.997)|40.725|-73.997|9|0|9
(40.771,-73.983)|40.771|-73.983|4|4|0
(40.76,-73.978)|40.76|-73.978|2|1|1
(40.765,-73.962)|40.765|-73.962|2|0|2
(40.769,-73.981)|40.769|-73.981|4|3|1
(40.787,-73.978)|40.787|-73.978|15|5|10
(40.751,-73.985)|40.751|-73.985|1|1|0
(40.734,-74.003)|40.734|-74.003|10|2|8
(40.741,-74.006)|40.741|-74.006|3|2|1
(40.729,-73.976)|40.729|-73.976|1|1|0
(40.75,-73.974)|40.75|-73.974|7|4|3
(40.737,-73.993)|40.737|-73.993|8|3|5
(40.746,-74.005)|40.746|-74.005|1|1|0
(40.794,-73.967)|40.794|-73.967|9|9|0
(40.775,-73.963)|40.775|-73.963|40|9|31
(40.757,-73.972)|40.757|-73.972|30|22|8
(40.76,-73.974)|40.76|-73.974|19|3|16
(40.737,-73.985)|40.737|-73.985|3|1|2
(40.748,-73.989)|40.748|-73.989|45|22|23
(40.713,-74.014)|40.713|-74.014|1|1|0
(40.757,-73.993)|40.757|-73.993|7|3|4
(40.759,-73.976)|40.759|-73.976|3|1|2
(40.79,-73.975)|40.79|-73.975|10|5|5
(40.753,-73.979)|40.753|-73.979|75|11|64
(40.743,-74.007)|40.743|-74.007|1|1|0
(40.74,-74.005)|40.74|-74.005|2|2|0
(40.747,-73.984)|40.747|-73.984|4|4|0
(40.771,-73.966)|40.771|-73.966|5|0|5
(40.744,-73.976)|40.744|-73.976|11|4|7
(40.763,-73.969)|40.763|-73.969|1|0|1
(40.755,-73.965)|40.755|-73.965|2|1|1
(40.738,-73.996)|40.738|-73.996|4|4|0
(40.723,-74.008)|40.723|-74.008|2|2|0
(40.773,-73.958)|40.773|-73.958|22|13|9
(40.754,-73.966)|40.754|-73.966|8|6|2
(40.749,-73.991)|40.749|-73.991|41|1|40
(40.769,-73.955)|40.769|-73.955|14|8|6
(40.765,-73.982)|40.765|-73.982|8|5|3
(40.769,-73.988)|40.769|-73.988|3|1|2
(40.734,-74.006)|40.734|-74.006|4|4|0
(40.781,-73.981)|40.781|-73.981|58|44|14
(40.751,-73.978)|40.751|-73.978|54|1|53
(40.741,-74.001)|40.741|-74.001|1|1|0
(40.764,-73.98)|40.764|-73.98|2|1|1
(40.782,-73.979)|40.782|-73.979|5|0|5
(40.774,-73.96)|40.774|-73.96|21|11|10
(40.705,-74.017)|40.705|-74.017|23|3|20
(40.741,-73.981)|40.741|-73.981|6|5|1
(40.783,-73.975)|40.783|-73.975|5|5|0
(40.755,-73.977)|40.755|-73.977|11|2|9
(40.764,-73.975)|40.764|-73.975|4|0|4
(40.735,-73.992)|40.735|-73.992|9|3|6
(40.736,-73.979)|40.736|-73.979|4|2|2
(40.761,-73.978)|40.761|-73.978|3|0|3
(40.758,-73.997)|40.758|-73.997|1|0|1
(40.775,-73.945)|40.775|-73.945|1|0|1
(40.758,-73.972)|40.758|-73.972|8|2|6
(40.791,-73.974)|40.791|-73.974|1|0|1
(40.78,-73.945)|40.78|-73.945|3|2|1
(40.765,-73.996)|40.765|-73.996|3|2|1
(40.764,-73.999)|40.764|-73.999|1|0|1
(40.755,-73.992)|40.755|-73.992|4|3|1
(40.775,-73.982)|40.775|-73.982|48|26|22
(40.797,-73.97)|40.797|-73.97|4|3|1
(40.755,-73.984)|40.755|-73.984|38|12|26
(40.777,-73.949)|40.777|-73.949|7|4|3
(40.747,-74.003)|40.747|-74.003|1|1|0
(40.738,-74.006)|40.738|-74.006|1|1|0
(40.767,-73.957)|40.767|-73.957|8|5|3
(40.763,-73.984)|40.763|-73.984|6|1|5
(40.738,-74.004)|40.738|-74.004|1|1|0
(40.742,-73.987)|40.742|-73.987|4|3|1
(40.766,-73.979)|40.766|-73.979|1|1|0
(40.757,-73.998)|40.757|-73.998|6|4|2
(40.749,-73.976)|40.749|-73.976|25|9|16
(40.725,-73.999)|40.725|-73.999|1|1|0
(40.801,-73.968)|40.801|-73.968|4|3|1
(40.727,-73.994)|40.727|-73.994|2|2|0
(40.763,-73.985)|40.763|-73.985|6|1|5
(40.739,-73.991)|40.739|-73.991|3|1|2
(40.707,-74.004)|40.707|-74.004|1|1|0
(40.785,-73.956)|40.785|-73.956|12|1|11
(40.786,-73.952)|40.786|-73.952|1|0|1
(40.742,-74.007)|40.742|-74.007|1|1|0
(40.75,-73.973)|40.75|-73.973|4|1|3
(40.77,-73.96)|40.77|-73.96|11|7|4
(40.727,-74.003)|40.727|-74.003|4|4|0
(40.759,-73.984)|40.759|-73.984|5|3|2
(40.756,-73.985)|40.756|-73.985|1|1|0
(40.787,-73.976)|40.787|-73.976|3|0|3
(40.782,-73.956)|40.782|-73.956|23|14|9
(40.728,-73.988)|40.728|-73.988|7|1|6
(40.755,-73.979)|40.755|-73.979|3|1|2
(40.763,-73.978)|40.763|-73.978|32|11|21
(40.771,-73.987)|40.771|-73.987|1|1|0
(40.772,-73.956)|40.772|-73.956|27|16|11
(40.761,-73.999)|40.761|-73.999|11|2|9
(40.743,-73.987)|40.743|-73.987|9|5|4
(40.756,-73.973)|40.756|-73.973|31|21|10
(40.729,-74.007)|40.729|-74.007|1|1|0
(40.764,-73.972)|40.764|-73.972|3|0|3
(40.783,-73.957)|40.783|-73.957|13|2|11
(40.773,-73.949)|40.773|-73.949|4|3|1
(40.775,-73.991)|40.775|-73.991|4|0|4
(40.749,-74.007)|40.749|-74.007|3|1|2
(40.765,-73.979)|40.765|-73.979|6|1|5
(40.775,-73.956)|40.775|-73.956|1|0|1
(40.75,-73.995)|40.75|-73.995|248|44|204
(40.776,-73.956)|40.776|-73.956|16|3|13
(40.784,-73.955)|40.784|-73.955|3|3|0
(40.793,-73.973)|40.793|-73.973|14|8|6
(40.73,-73.989)|40.73|-73.989|2|2|0
(40.722,-73.997)|40.722|-73.997|9|9|0
(40.743,-74.0)|40.743|-74.0|16|15|1
(40.758,-73.985)|40.758|-73.985|14|7|7
(40.765,-73.955)|40.765|-73.955|19|7|12
(40.75,-73.992)|40.75|-73.992|308|217|91
(40.728,-74.005)|40.728|-74.005|1|0|1
(40.722,-73.987)|40.722|-73.987|10|0|10
(40.75,-73.988)|40.75|-73.988|46|38|8
(40.785,-73.95)|40.785|-73.95|5|1|4
(40.763,-73.959)|40.763|-73.959|1|1|0
(40.737,-74.006)|40.737|-74.006|1|1|0
(40.774,-73.957)|40.774|-73.957|3|1|2
(40.718,-74.015)|40.718|-74.015|1|1|0
(40.751,-74.006)|40.751|-74.006|11|5|6
(40.786,-73.949)|40.786|-73.949|1|0|1
(40.732,-73.985)|40.732|-73.985|15|2|13
(40.765,-73.977)|40.765|-73.977|21|9|12
(40.767,-73.978)|40.767|-73.978|2|1|1
(40.76,-73.977)|40.76|-73.977|2|0|2
(40.786,-73.971)|40.786|-73.971|2|0|2
(40.762,-73.978)|40.762|-73.978|11|8|3
(40.766,-73.953)|40.766|-73.953|1|0|1
(40.744,-73.999)|40.744|-73.999|3|3|0
(40.757,-73.989)|40.757|-73.989|5|1|4
(40.761,-73.984)|40.761|-73.984|20|10|10
(40.799,-73.939)|40.799|-73.939|1|0|1
(40.76,-73.984)|40.76|-73.984|27|9|18
(40.74,-74.006)|40.74|-74.006|50|31|19
(40.759,-73.975)|40.759|-73.975|12|3|9
(40.773,-73.959)|40.773|-73.959|2|0|2
(40.752,-74.007)|40.752|-74.007|1|0|1
(40.772,-73.95)|40.772|-73.95|14|6|8
(40.772,-73.951)|40.772|-73.951|4|2|2
(40.788,-73.976)|40.788|-73.976|7|1|6
(40.768,-73.985)|40.768|-73.985|4|3|1
(40.747,-73.994)|40.747|-73.994|1|1|0
(40.762,-73.982)|40.762|-73.982|19|13|6
(40.741,-73.979)|40.741|-73.979|26|9|17
(40.745,-73.981)|40.745|-73.981|13|3|10
(40.75,-73.981)|40.75|-73.981|9|4|5
(40.788,-73.956)|40.788|-73.956|5|0|5
(40.786,-73.978)|40.786|-73.978|7|4|3
(40.765,-73.98)|40.765|-73.98|19|12|7
(40.78,-73.959)|40.78|-73.959|1|0|1
(40.77,-73.992)|40.77|-73.992|2|1|1
(40.751,-73.994)|40.751|-73.994|343|328|15
(40.783,-73.953)|40.783|-73.953|18|15|3
(40.711,-74.015)|40.711|-74.015|3|0|3
(40.767,-73.953)|40.767|-73.953|3|1|2
(40.753,-73.997)|40.753|-73.997|4|4|0
(40.753,-73.974)|40.753|-73.974|1|1|0
(40.764,-73.982)|40.764|-73.982|12|8|4
(40.768,-73.981)|40.768|-73.981|5|2|3
(40.775,-73.977)|40.775|-73.977|2|0|2
(40.741,-74.002)|40.741|-74.002|5|5|0
(40.746,-73.972)|40.746|-73.972|10|3|7
(40.742,-73.976)|40.742|-73.976|2|0|2
(40.788,-73.978)|40.788|-73.978|1|0|1
(40.774,-73.989)|40.774|-73.989|12|5|7
(40.792,-73.964)|40.792|-73.964|3|0|3
(40.71,-74.016)|40.71|-74.016|1|1|0
(40.755,-73.976)|40.755|-73.976|20|7|13
(40.775,-73.957)|40.775|-73.957|17|8|9
(40.774,-73.948)|40.774|-73.948|3|2|1
(40.763,-73.965)|40.763|-73.965|2|2|0
(40.786,-73.976)|40.786|-73.976|11|3|8
(40.777,-73.952)|40.777|-73.952|11|10|1
(40.744,-73.985)|40.744|-73.985|5|2|3
(40.716,-74.009)|40.716|-74.009|3|3|0
(40.769,-73.959)|40.769|-73.959|1|0|1
(40.744,-74.006)|40.744|-74.006|3|0|3
(40.77,-73.955)|40.77|-73.955|4|1|3
(40.771,-73.962)|40.771|-73.962|9|6|3
(40.785,-73.973)|40.785|-73.973|7|2|5
(40.767,-73.969)|40.767|-73.969|4|4|0
(40.759,-73.972)|40.759|-73.972|1|0|1
(40.739,-73.993)|40.739|-73.993|3|0|3
(40.761,-73.967)|40.761|-73.967|25|12|13
(40.778,-73.952)|40.778|-73.952|19|18|1
(40.752,-73.974)|40.752|-73.974|14|5|9
(40.751,-73.974)|40.751|-73.974|25|14|11
(40.737,-73.988)|40.737|-73.988|3|3|0
(40.761,-73.977)|40.761|-73.977|1|0|1
(40.702,-74.014)|40.702|-74.014|2|0|2
(40.719,-73.989)|40.719|-73.989|1|1|0
(40.727,-74.007)|40.727|-74.007|1|1|0
(40.776,-73.962)|40.776|-73.962|10|4|6
(40.739,-74.0)|40.739|-74.0|1|1|0
(40.743,-73.986)|40.743|-73.986|8|5|3
(40.725,-73.978)|40.725|-73.978|1|0|1
(40.756,-73.987)|40.756|-73.987|20|13|7
(40.75,-73.977)|40.75|-73.977|16|8|8
(40.727,-74.0)|40.727|-74.0|4|4|0
(40.755,-73.973)|40.755|-73.973|22|15|7
(40.815,-73.959)|40.815|-73.959|3|3|0
(40.777,-73.957)|40.777|-73.957|2|2|0
(40.769,-73.982)|40.769|-73.982|42|25|17
(40.728,-74.007)|40.728|-74.007|2|2|0
(40.731,-73.99)|40.731|-73.99|1|1|0
(40.744,-74.0)|40.744|-74.0|2|2|0
(40.779,-73.948)|40.779|-73.948|12|2|10
(40.764,-73.954)|40.764|-73.954|18|6|12
(40.767,-73.982)|40.767|-73.982|9|2|7
(40.758,-73.988)|40.758|-73.988|1|0|1
(40.793,-73.968)|40.793|-73.968|5|0|5
(40.715,-74.013)|40.715|-74.013|1|1|0
(40.763,-73.96)|40.763|-73.96|4|1|3
(40.748,-73.996)|40.748|-73.996|1|1|0
(40.765,-73.984)|40.765|-73.984|22|5|17
(40.742,-73.993)|40.742|-73.993|15|9|6
(40.789,-73.953)|40.789|-73.953|13|0|13
(40.734,-73.989)|40.734|-73.989|11|0|11
(40.764,-73.989)|40.764|-73.989|3|3|0
(40.763,-73.973)|40.763|-73.973|5|0|5
(40.713,-74.011)|40.713|-74.011|2|0|2
(40.755,-73.98)|40.755|-73.98|29|14|15
(40.733,-74.0)|40.733|-74.0|12|12|0
(40.776,-73.982)|40.776|-73.982|14|1|13
(40.757,-73.994)|40.757|-73.994|9|8|1
(40.733,-73.988)|40.733|-73.988|3|3|0
(40.752,-73.994)|40.752|-73.994|15|14|1
(40.743,-74.004)|40.743|-74.004|14|1|13
(40.747,-73.972)|40.747|-73.972|1|0|1
(40.766,-73.969)|40.766|-73.969|2|2|0
(40.744,-73.973)|40.744|-73.973|20|17|3
(40.721,-73.988)|40.721|-73.988|1|0|1
(40.749,-73.982)|40.749|-73.982|4|4|0
(40.733,-74.006)|40.733|-74.006|9|9|0
(40.762,-73.996)|40.762|-73.996|1|0|1
(40.767,-73.979)|40.767|-73.979|5|4|1
(40.75,-73.984)|40.75|-73.984|1|0|1
(40.769,-73.985)|40.769|-73.985|16|13|3
(40.753,-73.967)|40.753|-73.967|1|0|1
(40.74,-73.982)|40.74|-73.982|10|7|3
(40.756,-73.99)|40.756|-73.99|115|108|7
(40.756,-73.977)|40.756|-73.977|44|30|14
(40.745,-73.983)|40.745|-73.983|9|4|5
(40.765,-73.958)|40.765|-73.958|26|10|16
(40.768,-73.961)|40.768|-73.961|1|0|1
(40.754,-73.992)|40.754|-73.992|20|10|10
(40.746,-73.979)|40.746|-73.979|2|1|1
(40.743,-73.993)|40.743|-73.993|54|39|15
(40.783,-73.978)|40.783|-73.978|4|0|4
(40.759,-73.994)|40.759|-73.994|1|0|1
(40.738,-73.977)|40.738|-73.977|1|0|1
(40.754,-73.978)|40.754|-73.978|80|10|70
(40.757,-73.975)|40.757|-73.975|15|9|6
(40.759,-73.982)|40.759|-73.982|8|2|6
(40.764,-73.976)|40.764|-73.976|7|1|6
(40.78,-73.956)|40.78|-73.956|46|18|28
(40.736,-73.998)|40.736|-73.998|9|9|0
(40.73,-73.979)|40.73|-73.979|1|1|0
(40.749,-74.003)|40.749|-74.003|7|1|6
(40.758,-73.975)|40.758|-73.975|16|10|6
(40.77,-73.99)|40.77|-73.99|2|0|2
(40.739,-73.98)|40.739|-73.98|8|4|4
(40.757,-74.004)|40.757|-74.004|4|0|4
(40.752,-73.98)|40.752|-73.98|15|7|8
(40.784,-73.956)|40.784|-73.956|6|0|6
(40.747,-73.99)|40.747|-73.99|23|17|6
(40.755,-73.987)|40.755|-73.987|2|2|0
(40.766,-73.984)|40.766|-73.984|3|0|3
(40.758,-73.981)|40.758|-73.981|1|0|1
(40.756,-73.988)|40.756|-73.988|1|1|0
(40.751,-73.979)|40.751|-73.979|29|5|24
(40.773,-73.953)|40.773|-73.953|3|0|3
(40.728,-73.985)|40.728|-73.985|8|8|0
(40.721,-74.008)|40.721|-74.008|1|1|0
(40.764,-73.979)|40.764|-73.979|11|6|5
(40.747,-73.979)|40.747|-73.979|1|1|0
(40.784,-73.978)|40.784|-73.978|2|0|2
(40.739,-74.006)|40.739|-74.006|1|1|0
(40.773,-73.946)|40.773|-73.946|10|3|7
(40.74,-73.986)|40.74|-73.986|7|5|2
(40.741,-73.987)|40.741|-73.987|3|0|3
(40.765,-73.973)|40.765|-73.973|6|4|2
(40.741,-73.99)|40.741|-73.99|14|3|11
(40.759,-73.979)|40.759|-73.979|8|1|7
(40.744,-73.977)|40.744|-73.977|2|1|1
(40.759,-73.992)|40.759|-73.992|18|8|10
(40.768,-73.993)|40.768|-73.993|2|1|1
(40.75,-73.999)|40.75|-73.999|1|1|0
(40.771,-73.957)|40.771|-73.957|24|17|7
(40.783,-73.959)|40.783|-73.959|4|4|0
(40.758,-73.98)|40.758|-73.98|4|0|4
(40.752,-73.988)|40.752|-73.988|1|0|1
(40.747,-73.998)|40.747|-73.998|2|2|0
(40.727,-73.992)|40.727|-73.992|10|8|2
(40.744,-73.989)|40.744|-73.989|3|0|3
(40.781,-73.952)|40.781|-73.952|4|1|3
(40.743,-73.981)|40.743|-73.981|1|1|0
(40.763,-73.977)|40.763|-73.977|1|0|1
(40.748,-73.979)|40.748|-73.979|1|1|0
(40.756,-74.003)|40.756|-74.003|13|0|13
(40.765,-73.953)|40.765|-73.953|2|0|2
(40.762,-73.986)|40.762|-73.986|24|14|10
(40.75,-73.969)|40.75|-73.969|1|0|1
(40.745,-73.985)|40.745|-73.985|18|15|3
(40.735,-73.999)|40.735|-73.999|8|8|0
(40.75,-73.991)|40.75|-73.991|635|310|325
(40.749,-74.008)|40.749|-74.008|2|0|2
(40.772,-73.99)|40.772|-73.99|3|0|3
(40.745,-73.991)|40.745|-73.991|34|23|11
(40.74,-74.002)|40.74|-74.002|26|22|4
(40.746,-73.98)|40.746|-73.98|15|6|9
(40.725,-73.996)|40.725|-73.996|3|3|0
(40.761,-73.981)|40.761|-73.981|3|0|3
(40.774,-73.873)|40.774|-73.873|59|0|59
(40.782,-73.952)|40.782|-73.952|6|1|5
(40.733,-73.991)|40.733|-73.991|4|3|1
(40.774,-73.871)|40.774|-73.871|80|0|80
(40.748,-73.981)|40.748|-73.981|5|2|3
(40.771,-73.865)|40.771|-73.865|5|0|5
(40.737,-74.005)|40.737|-74.005|1|1|0
(40.761,-73.982)|40.761|-73.982|5|1|4
(40.751,-74.005)|40.751|-74.005|10|1|9
(40.766,-73.966)|40.766|-73.966|1|0|1
(40.76,-73.983)|40.76|-73.983|3|1|2
(40.781,-73.961)|40.781|-73.961|4|4|0
(40.785,-73.977)|40.785|-73.977|8|2|6
(40.786,-73.972)|40.786|-73.972|5|3|2
(40.763,-73.99)|40.763|-73.99|1|1|0
(40.766,-73.954)|40.766|-73.954|11|6|5
(40.756,-73.981)|40.756|-73.981|2|1|1
(40.746,-73.983)|40.746|-73.983|1|0|1
(40.808,-73.964)|40.808|-73.964|7|2|5
(40.785,-73.97)|40.785|-73.97|4|3|1
(40.756,-73.965)|40.756|-73.965|2|2|0
(40.77,-73.961)|40.77|-73.961|8|5|3
(40.789,-73.971)|40.789|-73.971|1|0|1
(40.757,-73.984)|40.757|-73.984|5|3|2
(40.771,-73.982)|40.771|-73.982|28|10|18
(40.756,-73.979)|40.756|-73.979|25|12|13
(40.752,-73.981)|40.752|-73.981|1|0|1
(40.73,-74.004)|40.73|-74.004|1|0|1
(40.76,-73.988)|40.76|-73.988|27|8|19
(40.766,-73.972)|40.766|-73.972|5|0|5
(40.776,-73.99)|40.776|-73.99|2|0|2
(40.751,-73.987)|40.751|-73.987|33|25|8
(40.762,-73.981)|40.762|-73.981|4|0|4
(40.789,-73.976)|40.789|-73.976|8|6|2
(40.745,-73.977)|40.745|-73.977|2|0|2
(40.733,-73.987)|40.733|-73.987|23|22|1
(40.76,-73.979)|40.76|-73.979|2|1|1
(40.765,-73.957)|40.765|-73.957|3|0|3
(40.777,-73.982)|40.777|-73.982|5|2|3
(40.76,-73.991)|40.76|-73.991|5|3|2
(40.764,-73.981)|40.764|-73.981|26|17|9
(40.787,-73.954)|40.787|-73.954|4|0|4
(40.807,-73.961)|40.807|-73.961|1|0|1
(40.82,-73.955)|40.82|-73.955|1|0|1
(40.767,-73.963)|40.767|-73.963|9|7|2
(40.745,-73.999)|40.745|-73.999|11|10|1
(40.732,-73.996)|40.732|-73.996|1|1|0
(40.779,-73.945)|40.779|-73.945|14|8|6
(40.725,-73.995)|40.725|-73.995|7|6|1
(40.786,-73.953)|40.786|-73.953|8|4|4
(40.776,-73.96)|40.776|-73.96|6|4|2
(40.765,-73.988)|40.765|-73.988|15|13|2
(40.74,-73.995)|40.74|-73.995|48|34|14
(40.737,-73.982)|40.737|-73.982|2|0|2
(40.786,-73.969)|40.786|-73.969|2|0|2
(40.747,-73.985)|40.747|-73.985|10|0|10
(40.786,-73.943)|40.786|-73.943|3|0|3
(40.748,-73.988)|40.748|-73.988|2|1|1
(40.719,-74.009)|40.719|-74.009|3|2|1
(40.726,-74.006)|40.726|-74.006|4|1|3
(40.724,-73.985)|40.724|-73.985|3|3|0
(40.763,-73.966)|40.763|-73.966|14|14|0
(40.744,-73.98)|40.744|-73.98|5|1|4
(40.776,-73.961)|40.776|-73.961|1|1|0
(40.765,-73.983)|40.765|-73.983|6|4|2
(40.769,-73.989)|40.769|-73.989|5|1|4
(40.748,-73.983)|40.748|-73.983|6|6|0
(40.772,-73.967)|40.772|-73.967|4|4|0
(40.765,-73.992)|40.765|-73.992|1|0|1
(40.758,-73.986)|40.758|-73.986|30|12|18
(40.761,-73.964)|40.761|-73.964|10|5|5
(40.786,-73.95)|40.786|-73.95|1|0|1
(40.8,-73.97)|40.8|-73.97|3|1|2
(40.742,-73.983)|40.742|-73.983|10|3|7
(40.761,-73.972)|40.761|-73.972|1|0|1
(40.748,-74.004)|40.748|-74.004|18|11|7
(40.724,-73.998)|40.724|-73.998|4|0|4
(40.784,-73.971)|40.784|-73.971|2|0|2
(40.741,-73.994)|40.741|-73.994|32|18|14
(40.759,-73.971)|40.759|-73.971|9|5|4
(40.74,-73.99)|40.74|-73.99|4|1|3
(40.741,-73.976)|40.741|-73.976|2|0|2
(40.791,-73.975)|40.791|-73.975|5|4|1
(40.733,-73.982)|40.733|-73.982|1|1|0
(40.758,-73.971)|40.758|-73.971|15|11|4
(40.773,-73.979)|40.773|-73.979|1|0|1
(40.759,-73.986)|40.759|-73.986|33|21|12
(40.755,-73.974)|40.755|-73.974|7|4|3
(40.75,-74.005)|40.75|-74.005|2|0|2
(40.749,-73.988)|40.749|-73.988|23|17|6
(40.732,-74.007)|40.732|-74.007|3|2|1
(40.705,-74.008)|40.705|-74.008|9|7|2
(40.76,-73.982)|40.76|-73.982|4|0|4
(40.715,-74.014)|40.715|-74.014|26|1|25
(40.785,-73.949)|40.785|-73.949|4|1|3
(40.782,-73.949)|40.782|-73.949|6|6|0
(40.758,-74.001)|40.758|-74.001|33|5|28
(40.765,-73.995)|40.765|-73.995|2|0|2
(40.764,-73.959)|40.764|-73.959|13|6|7
(40.767,-73.96)|40.767|-73.96|3|0|3
(40.725,-73.992)|40.725|-73.992|2|2|0
(40.742,-73.986)|40.742|-73.986|4|0|4
(40.738,-73.978)|40.738|-73.978|2|1|1
(40.75,-73.979)|40.75|-73.979|29|14|15
(40.753,-73.973)|40.753|-73.973|13|7|6
(40.707,-74.005)|40.707|-74.005|2|1|1
(40.763,-73.986)|40.763|-73.986|8|1|7
(40.785,-73.979)|40.785|-73.979|9|7|2
(40.748,-73.976)|40.748|-73.976|6|0|6
(40.805,-73.962)|40.805|-73.962|7|2|5
(40.764,-73.969)|40.764|-73.969|44|19|25
(40.78,-73.973)|40.78|-73.973|3|0|3
(40.765,-73.97)|40.765|-73.97|12|12|0
(40.723,-73.989)|40.723|-73.989|1|1|0
(40.748,-74.005)|40.748|-74.005|1|1|0
(40.711,-74.01)|40.711|-74.01|2|0|2
(40.722,-73.989)|40.722|-73.989|3|3|0
(40.776,-73.958)|40.776|-73.958|4|3|1
(40.75,-73.989)|40.75|-73.989|2|2|0
(40.787,-73.945)|40.787|-73.945|1|1|0
(40.729,-74.003)|40.729|-74.003|1|1|0
(40.743,-73.984)|40.743|-73.984|18|10|8
(40.759,-73.969)|40.759|-73.969|1|1|0
(40.739,-73.988)|40.739|-73.988|1|1|0
(40.752,-73.971)|40.752|-73.971|10|5|5
(40.743,-73.996)|40.743|-73.996|3|1|2
(40.794,-73.94)|40.794|-73.94|1|1|0
(40.745,-73.989)|40.745|-73.989|1|1|0
(40.757,-73.971)|40.757|-73.971|1|0|1
(40.761,-73.998)|40.761|-73.998|10|4|6
(40.781,-73.957)|40.781|-73.957|1|1|0
(40.779,-73.981)|40.779|-73.981|7|7|0
(40.764,-73.973)|40.764|-73.973|77|39|38
(40.758,-74.0)|40.758|-74.0|6|1|5
(40.768,-73.983)|40.768|-73.983|12|3|9
(40.76,-73.985)|40.76|-73.985|30|13|17
(40.758,-73.966)|40.758|-73.966|27|23|4
(40.795,-73.971)|40.795|-73.971|6|4|2
(40.792,-73.965)|40.792|-73.965|7|7|0
(40.731,-73.983)|40.731|-73.983|11|6|5
(40.734,-73.999)|40.734|-73.999|24|16|8
(40.784,-73.957)|40.784|-73.957|3|0|3
(40.794,-73.97)|40.794|-73.97|4|1|3
(40.722,-73.986)|40.722|-73.986|1|1|0
(40.757,-73.986)|40.757|-73.986|17|8|9
(40.775,-73.984)|40.775|-73.984|1|0|1
(40.774,-73.955)|40.774|-73.955|4|3|1
(40.736,-74.006)|40.736|-74.006|1|1|0
(40.734,-73.987)|40.734|-73.987|10|10|0
(40.758,-73.97)|40.758|-73.97|3|1|2
(40.765,-73.954)|40.765|-73.954|2|0|2
(40.781,-73.973)|40.781|-73.973|13|7|6
(40.744,-73.982)|40.744|-73.982|1|0|1
(40.732,-74.008)|40.732|-74.008|3|3|0
(40.789,-73.949)|40.789|-73.949|1|1|0
(40.774,-73.962)|40.774|-73.962|15|8|7
(40.777,-73.979)|40.777|-73.979|13|7|6
(40.725,-74.008)|40.725|-74.008|3|2|1
(40.757,-73.969)|40.757|-73.969|1|0|1
(40.761,-73.991)|40.761|-73.991|18|11|7
(40.773,-73.955)|40.773|-73.955|14|7|7
(40.763,-73.975)|40.763|-73.975|3|0|3
(40.794,-73.943)|40.794|-73.943|1|0|1
(40.77,-73.991)|40.77|-73.991|3|1|2
(40.737,-74.001)|40.737|-74.001|3|2|1
(40.733,-73.99)|40.733|-73.99|7|4|3
(40.783,-73.955)|40.783|-73.955|19|13|6
(40.765,-73.976)|40.765|-73.976|6|1|5
(40.755,-74.003)|40.755|-74.003|1|0|1
(40.735,-74.002)|40.735|-74.002|4|1|3
(40.762,-73.979)|40.762|-73.979|98|42|56
(40.767,-73.99)|40.767|-73.99|4|2|2
(40.768,-73.97)|40.768|-73.97|2|0|2
(40.716,-74.015)|40.716|-74.015|3|3|0
(40.752,-74.004)|40.752|-74.004|6|1|5
(40.753,-73.989)|40.753|-73.989|3|1|2
(40.768,-73.986)|40.768|-73.986|8|7|1
(40.747,-73.997)|40.747|-73.997|10|9|1
(40.761,-73.958)|40.761|-73.958|1|1|0
(40.763,-73.972)|40.763|-73.972|38|13|25
(40.723,-73.983)|40.723|-73.983|1|0|1
(40.792,-73.968)|40.792|-73.968|1|1|0
(40.788,-73.977)|40.788|-73.977|18|14|4
(40.75,-73.994)|40.75|-73.994|14|10|4
(40.752,-73.985)|40.752|-73.985|1|1|0
(40.735,-73.994)|40.735|-73.994|1|1|0
(40.762,-73.985)|40.762|-73.985|5|1|4
(40.756,-73.97)|40.756|-73.97|3|2|1
(40.804,-73.967)|40.804|-73.967|15|9|6
(40.786,-73.979)|40.786|-73.979|3|3|0
(40.783,-73.948)|40.783|-73.948|9|9|0
(40.753,-73.986)|40.753|-73.986|10|6|4
(40.793,-73.975)|40.793|-73.975|3|1|2
(40.773,-73.967)|40.773|-73.967|1|1|0
(40.719,-74.01)|40.719|-74.01|1|1|0
(40.762,-74.001)|40.762|-74.001|2|0|2
(40.773,-73.962)|40.773|-73.962|3|1|2
(40.805,-73.966)|40.805|-73.966|8|2|6
(40.78,-73.981)|40.78|-73.981|2|0|2
(40.755,-73.988)|40.755|-73.988|5|5|0
(40.771,-73.992)|40.771|-73.992|2|0|2
(40.767,-73.967)|40.767|-73.967|13|7|6
(40.777,-73.983)|40.777|-73.983|1|0|1
(40.71,-74.015)|40.71|-74.015|5|2|3
(40.788,-73.979)|40.788|-73.979|1|0|1
(40.771,-73.991)|40.771|-73.991|2|1|1
(40.723,-73.986)|40.723|-73.986|1|0|1
(40.771,-73.866)|40.771|-73.866|5|0|5
(40.74,-73.985)|40.74|-73.985|3|1|2
(40.737,-73.978)|40.737|-73.978|5|4|1
(40.746,-73.975)|40.746|-73.975|5|0|5
(40.741,-73.989)|40.741|-73.989|4|1|3
(40.794,-73.972)|40.794|-73.972|14|13|1
(40.775,-73.954)|40.775|-73.954|28|23|5
(40.751,-73.983)|40.751|-73.983|15|7|8
(40.786,-73.977)|40.786|-73.977|3|0|3
(40.762,-73.972)|40.762|-73.972|10|3|7
(40.751,-73.977)|40.751|-73.977|9|6|3
(40.763,-73.962)|40.763|-73.962|1|0|1
(40.714,-74.012)|40.714|-74.012|3|1|2
(40.731,-73.989)|40.731|-73.989|12|9|3
(40.771,-73.959)|40.771|-73.959|1|0|1
(40.761,-73.968)|40.761|-73.968|2|0|2
(40.769,-73.958)|40.769|-73.958|5|0|5
(40.77,-73.954)|40.77|-73.954|5|3|2
(40.766,-73.961)|40.766|-73.961|1|0|1
(40.722,-74.008)|40.722|-74.008|1|1|0
(40.789,-73.974)|40.789|-73.974|3|0|3
(40.769,-73.862)|40.769|-73.862|2|0|2
(40.757,-73.983)|40.757|-73.983|20|6|14
(40.748,-73.977)|40.748|-73.977|3|0|3
(40.781,-73.95)|40.781|-73.95|5|5|0
(40.774,-73.981)|40.774|-73.981|12|2|10
(40.754,-73.98)|40.754|-73.98|8|5|3
(40.704,-74.014)|40.704|-74.014|2|0|2
(40.761,-73.976)|40.761|-73.976|10|4|6
(40.752,-73.977)|40.752|-73.977|80|23|57
(40.762,-73.994)|40.762|-73.994|7|5|2
(40.768,-73.96)|40.768|-73.96|1|0|1
(40.744,-73.984)|40.744|-73.984|27|16|11
(40.748,-73.985)|40.748|-73.985|73|27|46
(40.724,-73.991)|40.724|-73.991|3|0|3
(40.742,-73.975)|40.742|-73.975|48|21|27
(40.75,-73.976)|40.75|-73.976|3|0|3
(40.78,-73.96)|40.78|-73.96|1|0|1
(40.729,-73.988)|40.729|-73.988|1|0|1
(40.778,-73.959)|40.778|-73.959|10|7|3
(40.775,-73.948)|40.775|-73.948|3|2|1
(40.799,-73.963)|40.799|-73.963|1|1|0
(40.778,-73.961)|40.778|-73.961|7|1|6
(40.775,-73.989)|40.775|-73.989|1|0|1
(40.741,-73.984)|40.741|-73.984|5|1|4
(40.764,-73.988)|40.764|-73.988|2|2|0
(40.777,-73.946)|40.777|-73.946|3|2|1
(40.756,-74.002)|40.756|-74.002|17|2|15
(40.758,-73.989)|40.758|-73.989|57|31|26
(40.722,-74.011)|40.722|-74.011|1|0|1
(40.737,-73.991)|40.737|-73.991|1|1|0
(40.751,-73.971)|40.751|-73.971|14|7|7
(40.814,-73.96)|40.814|-73.96|1|1|0
(40.748,-73.997)|40.748|-73.997|1|1|0
(40.799,-73.952)|40.799|-73.952|1|0|1
(40.735,-74.006)|40.735|-74.006|1|1|0
(40.724,-73.996)|40.724|-73.996|2|2|0
(40.766,-73.968)|40.766|-73.968|3|1|2
(40.747,-73.986)|40.747|-73.986|11|5|6
(40.77,-73.958)|40.77|-73.958|4|1|3
(40.763,-73.982)|40.763|-73.982|45|30|15
(40.762,-73.974)|40.762|-73.974|7|5|2
(40.79,-73.977)|40.79|-73.977|1|0|1
(40.756,-73.971)|40.756|-73.971|16|6|10
(40.77,-73.987)|40.77|-73.987|1|0|1
(40.753,-73.977)|40.753|-73.977|2|2|0
(40.709,-74.014)|40.709|-74.014|1|1|0
(40.75,-73.972)|40.75|-73.972|16|8|8
(40.792,-73.972)|40.792|-73.972|1|0|1
(40.807,-73.965)|40.807|-73.965|3|2|1
(40.743,-73.974)|40.743|-73.974|2|1|1
(40.744,-73.974)|40.744|-73.974|11|2|9
(40.703,-74.012)|40.703|-74.012|1|0|1
(40.761,-73.961)|40.761|-73.961|23|20|3
(40.764,-73.995)|40.764|-73.995|1|0|1
(40.756,-73.994)|40.756|-73.994|3|3|0
(40.769,-73.996)|40.769|-73.996|2|0|2
(40.761,-73.994)|40.761|-73.994|1|0|1
(40.708,-74.012)|40.708|-74.012|1|0|1
(40.756,-73.976)|40.756|-73.976|6|0|6
(40.744,-73.988)|40.744|-73.988|26|9|17
(40.762,-74.0)|40.762|-74.0|3|1|2
(40.773,-73.952)|40.773|-73.952|12|4|8
(40.75,-74.002)|40.75|-74.002|1|1|0
(40.738,-73.988)|40.738|-73.988|39|24|15
(40.763,-73.98)|40.763|-73.98|5|1|4
(40.778,-73.946)|40.778|-73.946|4|3|1
(40.743,-73.992)|40.743|-73.992|10|4|6
(40.741,-73.975)|40.741|-73.975|5|0|5
(40.767,-73.961)|40.767|-73.961|1|0|1
(40.766,-73.96)|40.766|-73.96|4|0|4
(40.758,-73.974)|40.758|-73.974|3|1|2
(40.791,-73.976)|40.791|-73.976|1|0|1
(40.769,-73.97)|40.769|-73.97|1|1|0
(40.756,-73.968)|40.756|-73.968|25|20|5
(40.763,-73.981)|40.763|-73.981|7|4|3
(40.784,-73.952)|40.784|-73.952|2|1|1
(40.779,-73.958)|40.779|-73.958|11|5|6
(40.756,-73.982)|40.756|-73.982|11|8|3
(40.783,-73.981)|40.783|-73.981|1|1|0
(40.779,-73.988)|40.779|-73.988|3|0|3
(40.78,-73.947)|40.78|-73.947|12|2|10
(40.764,-73.967)|40.764|-73.967|9|3|6
(40.772,-73.963)|40.772|-73.963|12|8|4
(40.763,-73.97)|40.763|-73.97|26|9|17
(40.72,-73.988)|40.72|-73.988|2|1|1
(40.755,-73.986)|40.755|-73.986|4|3|1
(40.734,-73.983)|40.734|-73.983|1|0|1
(40.747,-74.001)|40.747|-74.001|7|3|4
(40.766,-73.987)|40.766|-73.987|8|8|0
(40.726,-74.008)|40.726|-74.008|1|1|0
(40.756,-73.972)|40.756|-73.972|12|7|5
(40.777,-73.96)|40.777|-73.96|1|1|0
(40.779,-73.983)|40.779|-73.983|1|0|1
(40.727,-73.989)|40.727|-73.989|5|1|4
(40.749,-73.974)|40.749|-73.974|1|0|1
(40.787,-73.974)|40.787|-73.974|1|0|1
(40.777,-73.986)|40.777|-73.986|1|0|1
(40.784,-73.954)|40.784|-73.954|1|0|1
(40.758,-73.969)|40.758|-73.969|18|10|8
(40.77,-73.965)|40.77|-73.965|2|2|0
(40.753,-73.985)|40.753|-73.985|3|2|1
(40.735,-73.988)|40.735|-73.988|3|1|2
(40.771,-73.954)|40.771|-73.954|7|4|3
(40.716,-74.005)|40.716|-74.005|6|2|4
(40.783,-73.951)|40.783|-73.951|13|4|9
(40.765,-73.972)|40.765|-73.972|7|5|2
(40.767,-73.955)|40.767|-73.955|2|0|2
(40.787,-73.979)|40.787|-73.979|1|0|1
(40.752,-73.97)|40.752|-73.97|1|0|1
(40.789,-73.979)|40.789|-73.979|1|0|1
(40.731,-74.002)|40.731|-74.002|1|1|0
(40.768,-73.956)|40.768|-73.956|27|14|13
(40.754,-73.996)|40.754|-73.996|9|4|5
(40.77,-73.989)|40.77|-73.989|1|0|1
(40.745,-73.987)|40.745|-73.987|14|3|11
(40.745,-73.995)|40.745|-73.995|18|15|3
(40.768,-73.982)|40.768|-73.982|122|88|34
(40.749,-73.97)|40.749|-73.97|1|0|1
(40.759,-73.97)|40.759|-73.97|3|3|0
(40.78,-73.961)|40.78|-73.961|1|0|1
(40.756,-73.986)|40.756|-73.986|7|4|3
(40.768,-73.861)|40.768|-73.861|1|0|1
(40.758,-73.99)|40.758|-73.99|2|1|1
(40.759,-73.988)|40.759|-73.988|8|5|3
(40.73,-73.987)|40.73|-73.987|9|1|8
(40.767,-73.962)|40.767|-73.962|3|2|1
(40.76,-73.995)|40.76|-73.995|14|11|3
(40.761,-74.003)|40.761|-74.003|29|1|28
(40.795,-73.972)|40.795|-73.972|18|6|12
(40.753,-73.97)|40.753|-73.97|13|8|5
(40.78,-73.957)|40.78|-73.957|4|2|2
(40.725,-73.984)|40.725|-73.984|3|3|0
(40.788,-73.953)|40.788|-73.953|2|0|2
(40.744,-73.996)|40.744|-73.996|11|10|1
(40.731,-73.986)|40.731|-73.986|5|0|5
(40.76,-73.975)|40.76|-73.975|4|0|4
(40.774,-73.872)|40.774|-73.872|13|0|13
(40.764,-73.955)|40.764|-73.955|3|0|3
(40.781,-73.949)|40.781|-73.949|4|4|0
(40.793,-73.971)|40.793|-73.971|3|0|3
(40.738,-73.981)|40.738|-73.981|22|10|12
(40.728,-73.993)|40.728|-73.993|5|5|0
(40.779,-73.951)|40.779|-73.951|10|10|0
(40.758,-73.987)|40.758|-73.987|3|2|1
(40.736,-73.993)|40.736|-73.993|2|1|1
(40.761,-73.98)|40.761|-73.98|30|3|27
(40.765,-73.998)|40.765|-73.998|2|1|1
(40.728,-74.003)|40.728|-74.003|1|1|0
(40.774,-73.945)|40.774|-73.945|1|0|1
(40.772,-73.966)|40.772|-73.966|1|0|1
(40.77,-73.982)|40.77|-73.982|2|2|0
(40.73,-73.993)|40.73|-73.993|1|1|0
(40.773,-73.96)|40.773|-73.96|10|8|2
(40.766,-73.955)|40.766|-73.955|17|5|12
(40.776,-73.976)|40.776|-73.976|3|1|2
(40.761,-73.986)|40.761|-73.986|6|2|4
(40.751,-74.004)|40.751|-74.004|1|0|1
(40.773,-73.982)|40.773|-73.982|28|19|9
(40.753,-74.004)|40.753|-74.004|7|1|6
(40.758,-73.979)|40.758|-73.979|6|1|5
(40.724,-73.979)|40.724|-73.979|1|0|1
(40.77,-73.967)|40.77|-73.967|3|1|2
(40.786,-73.973)|40.786|-73.973|1|1|0
(40.779,-73.954)|40.779|-73.954|77|40|37
(40.742,-74.005)|40.742|-74.005|37|7|30
(40.77,-73.957)|40.77|-73.957|6|1|5
(40.757,-73.987)|40.757|-73.987|3|3|0
(40.777,-73.964)|40.777|-73.964|5|3|2
(40.73,-74.002)|40.73|-74.002|9|9|0
(40.781,-73.946)|40.781|-73.946|5|2|3
(40.769,-73.961)|40.769|-73.961|21|12|9
(40.762,-73.97)|40.762|-73.97|18|5|13
(40.735,-73.998)|40.735|-73.998|2|2|0
(40.702,-74.011)|40.702|-74.011|1|0|1
(40.757,-73.979)|40.757|-73.979|4|3|1
(40.759,-73.977)|40.759|-73.977|28|13|15
(40.745,-73.976)|40.745|-73.976|27|10|17
(40.759,-73.989)|40.759|-73.989|42|28|14
(40.756,-73.978)|40.756|-73.978|5|0|5
(40.748,-73.973)|40.748|-73.973|7|3|4
(40.774,-73.985)|40.774|-73.985|2|0|2
(40.719,-73.99)|40.719|-73.99|2|2|0
(40.79,-73.98)|40.79|-73.98|1|0|1
(40.782,-73.972)|40.782|-73.972|25|12|13
(40.778,-73.955)|40.778|-73.955|14|1|13
(40.731,-74.007)|40.731|-74.007|3|3|0
(40.706,-74.006)|40.706|-74.006|1|1|0
(40.744,-73.995)|40.744|-73.995|5|2|3
(40.749,-73.98)|40.749|-73.98|16|9|7
(40.72,-74.01)|40.72|-74.01|9|5|4
(40.774,-73.952)|40.774|-73.952|4|3|1
(40.79,-73.952)|40.79|-73.952|6|0|6
(40.739,-74.004)|40.739|-74.004|1|1|0
(40.749,-73.996)|40.749|-73.996|9|4|5
(40.784,-73.95)|40.784|-73.95|7|1|6
(40.792,-73.974)|40.792|-73.974|15|7|8
(40.769,-73.987)|40.769|-73.987|4|2|2
(40.764,-73.992)|40.764|-73.992|1|0|1
(40.757,-73.976)|40.757|-73.976|14|3|11
(40.764,-73.977)|40.764|-73.977|29|8|21
(40.771,-73.994)|40.771|-73.994|1|0|1
(40.762,-73.969)|40.762|-73.969|6|2|4
(40.757,-73.973)|40.757|-73.973|6|3|3
(40.751,-73.975)|40.751|-73.975|13|5|8
(40.75,-73.98)|40.75|-73.98|1|0|1
(40.744,-73.992)|40.744|-73.992|44|28|16
(40.775,-73.961)|40.775|-73.961|16|10|6
(40.725,-73.987)|40.725|-73.987|3|3|0
(40.765,-73.978)|40.765|-73.978|5|3|2
(40.802,-73.968)|40.802|-73.968|3|2|1
(40.775,-73.959)|40.775|-73.959|16|11|5
(40.784,-73.97)|40.784|-73.97|1|0|1
(40.739,-73.978)|40.739|-73.978|2|0|2
(40.771,-73.964)|40.771|-73.964|13|10|3
(40.779,-73.982)|40.779|-73.982|26|16|10
(40.763,-73.967)|40.763|-73.967|1|1|0
(40.742,-73.978)|40.742|-73.978|20|10|10
(40.752,-73.99)|40.752|-73.99|28|1|27
(40.745,-73.98)|40.745|-73.98|2|0|2
(40.714,-74.015)|40.714|-74.015|9|5|4
(40.767,-73.965)|40.767|-73.965|2|2|0
(40.79,-73.973)|40.79|-73.973|3|0|3
(40.778,-73.982)|40.778|-73.982|16|9|7
(40.757,-73.985)|40.757|-73.985|4|3|1
(40.744,-73.981)|40.744|-73.981|2|1|1
(40.764,-73.985)|40.764|-73.985|14|6|8
(40.773,-73.989)|40.773|-73.989|1|1|0
(40.748,-73.974)|40.748|-73.974|9|3|6
(40.726,-73.984)|40.726|-73.984|3|3|0
(40.761,-73.971)|40.761|-73.971|11|2|9
(40.74,-73.98)|40.74|-73.98|2|0|2
(40.759,-73.985)|40.759|-73.985|29|15|14
(40.741,-73.993)|40.741|-73.993|2|2|0
(40.739,-74.007)|40.739|-74.007|1|1|0
(40.726,-73.995)|40.726|-73.995|3|3|0
(40.755,-73.969)|40.755|-73.969|7|7|0
(40.751,-73.988)|40.751|-73.988|1|0|1
(40.778,-73.954)|40.778|-73.954|8|1|7
(40.733,-73.981)|40.733|-73.981|4|4|0
(40.715,-74.015)|40.715|-74.015|1|1|0
(40.734,-73.99)|40.734|-73.99|19|7|12
(40.777,-73.955)|40.777|-73.955|21|2|19
(40.766,-73.965)|40.766|-73.965|1|0|1
(40.791,-73.945)|40.791|-73.945|1|0|1
(40.749,-73.989)|40.749|-73.989|18|16|2
(40.757,-73.99)|40.757|-73.99|219|149|70
(40.766,-73.983)|40.766|-73.983|19|4|15
(40.75,-74.006)|40.75|-74.006|4|0|4
(40.746,-73.991)|40.746|-73.991|4|3|1
(40.774,-73.946)|40.774|-73.946|3|1|2
(40.745,-73.979)|40.745|-73.979|27|12|15
(40.751,-73.972)|40.751|-73.972|3|0|3
(40.749,-73.978)|40.749|-73.978|6|3|3
(40.766,-73.98)|40.766|-73.98|15|13|2
(40.756,-73.992)|40.756|-73.992|1|0|1
(40.755,-73.982)|40.755|-73.982|3|1|2
(40.789,-73.955)|40.789|-73.955|3|3|0
(40.747,-73.974)|40.747|-73.974|7|5|2
(40.77,-73.962)|40.77|-73.962|5|4|1
(40.751,-73.998)|40.751|-73.998|7|4|3
(40.777,-73.978)|40.777|-73.978|1|0|1
(40.785,-73.954)|40.785|-73.954|8|4|4
(40.747,-74.005)|40.747|-74.005|1|1|0
(40.742,-73.985)|40.742|-73.985|21|9|12
(40.763,-73.997)|40.763|-73.997|4|3|1
(40.805,-73.938)|40.805|-73.938|2|0|2
(40.754,-73.974)|40.754|-73.974|8|4|4
(40.774,-73.949)|40.774|-73.949|3|2|1
(40.751,-73.968)|40.751|-73.968|1|1|0
(40.76,-74.003)|40.76|-74.003|3|3|0
(40.761,-73.985)|40.761|-73.985|7|6|1
(40.772,-73.961)|40.772|-73.961|11|8|3
(40.78,-73.95)|40.78|-73.95|11|11|0
(40.743,-73.977)|40.743|-73.977|14|4|10
(40.758,-73.982)|40.758|-73.982|29|9|20
(40.774,-73.966)|40.774|-73.966|3|3|0
(40.795,-73.966)|40.795|-73.966|4|4|0
(40.761,-73.983)|40.761|-73.983|14|8|6
(40.766,-73.964)|40.766|-73.964|1|1|0
(40.77,-73.984)|40.77|-73.984|2|2|0
(40.754,-73.988)|40.754|-73.988|2|2|0
(40.708,-74.017)|40.708|-74.017|2|2|0
(40.777,-73.962)|40.777|-73.962|7|5|2
(40.776,-73.95)|40.776|-73.95|7|1|6
(40.743,-73.985)|40.743|-73.985|5|4|1
(40.756,-73.975)|40.756|-73.975|55|24|31
(40.759,-73.968)|40.759|-73.968|4|2|2
(40.759,-73.987)|40.759|-73.987|9|6|3
(40.758,-73.967)|40.758|-73.967|1|1|0
(40.783,-73.974)|40.783|-73.974|2|0|2
(40.777,-73.977)|40.777|-73.977|2|0|2
(40.772,-73.959)|40.772|-73.959|40|26|14
(40.768,-73.962)|40.768|-73.962|24|17|7
(40.758,-73.977)|40.758|-73.977|13|5|8
(40.779,-73.955)|40.779|-73.955|58|24|34
(40.76,-73.996)|40.76|-73.996|1|0|1
(40.775,-73.981)|40.775|-73.981|4|0|4
(40.756,-73.991)|40.756|-73.991|202|134|68
(40.731,-73.982)|40.731|-73.982|6|5|1
(40.739,-74.003)|40.739|-74.003|8|5|3
(40.772,-73.947)|40.772|-73.947|8|2|6
(40.768,-73.964)|40.768|-73.964|37|26|11
(40.755,-73.995)|40.755|-73.995|7|4|3
(40.78,-73.953)|40.78|-73.953|11|2|9
(40.78,-73.982)|40.78|-73.982|3|1|2
(40.75,-73.978)|40.75|-73.978|1|1|0
(40.737,-73.979)|40.737|-73.979|13|6|7
(40.773,-73.956)|40.773|-73.956|1|0|1
(40.74,-73.976)|40.74|-73.976|6|4|2
(40.742,-73.994)|40.742|-73.994|9|7|2
(40.781,-73.976)|40.781|-73.976|2|1|1
(40.741,-73.986)|40.741|-73.986|22|11|11
(40.737,-73.996)|40.737|-73.996|1|0|1
(40.741,-73.983)|40.741|-73.983|1|0|1
(40.783,-73.973)|40.783|-73.973|1|0|1
(40.749,-73.973)|40.749|-73.973|11|3|8
(40.746,-73.998)|40.746|-73.998|12|12|0
(40.79,-73.946)|40.79|-73.946|1|0|1
(40.76,-73.968)|40.76|-73.968|10|3|7
(40.723,-74.005)|40.723|-74.005|2|2|0
(40.765,-73.961)|40.765|-73.961|10|2|8
(40.785,-73.951)|40.785|-73.951|1|1|0
(40.771,-73.951)|40.771|-73.951|6|4|2
(40.782,-73.96)|40.782|-73.96|3|3|0
(40.771,-73.968)|40.771|-73.968|1|1|0
(40.774,-73.956)|40.774|-73.956|2|0|2
(40.776,-73.948)|40.776|-73.948|1|0|1
(40.754,-73.981)|40.754|-73.981|14|7|7
(40.787,-73.973)|40.787|-73.973|1|0|1
(40.743,-73.988)|40.743|-73.988|4|0|4
(40.752,-74.005)|40.752|-74.005|8|1|7
(40.762,-73.971)|40.762|-73.971|8|1|7
(40.759,-73.981)|40.759|-73.981|26|6|20
(40.779,-73.96)|40.779|-73.96|5|0|5
(40.777,-73.989)|40.777|-73.989|5|0|5
(40.77,-73.963)|40.77|-73.963|2|1|1
(40.728,-73.999)|40.728|-73.999|1|1|0
(40.752,-73.986)|40.752|-73.986|24|14|10
(40.759,-74.0)|40.759|-74.0|10|0|10
(40.746,-73.982)|40.746|-73.982|19|11|8
(40.795,-73.942)|40.795|-73.942|1|0|1
(40.755,-73.972)|40.755|-73.972|5|3|2
(40.768,-73.957)|40.768|-73.957|1|0|1
(40.767,-73.986)|40.767|-73.986|3|3|0
(40.77,-73.865)|40.77|-73.865|14|0|14
(40.763,-73.989)|40.763|-73.989|6|6|0
(40.772,-73.953)|40.772|-73.953|19|8|11
(40.731,-73.991)|40.731|-73.991|1|1|0
(40.75,-73.987)|40.75|-73.987|2|2|0
(40.765,-73.968)|40.765|-73.968|23|12|11
(40.762,-73.984)|40.762|-73.984|11|4|7
(40.783,-73.971)|40.783|-73.971|1|0|1
(40.778,-73.989)|40.778|-73.989|2|0|2
(40.751,-73.99)|40.751|-73.99|58|5|53
(40.788,-73.954)|40.788|-73.954|4|0|4
(40.798,-73.94)|40.798|-73.94|1|0|1
(40.735,-73.983)|40.735|-73.983|9|0|9
(40.735,-73.98)|40.735|-73.98|6|3|3
(40.753,-73.981)|40.753|-73.981|15|8|7
(40.76,-73.965)|40.76|-73.965|22|15|7
(40.743,-73.982)|40.743|-73.982|7|1|6
(40.762,-73.99)|40.762|-73.99|13|7|6
(40.742,-73.997)|40.742|-73.997|10|6|4
(40.717,-74.015)|40.717|-74.015|1|1|0
(40.775,-73.965)|40.775|-73.965|3|3|0
(40.752,-73.979)|40.752|-73.979|27|2|25
(40.746,-73.994)|40.746|-73.994|21|14|7
(40.745,-74.002)|40.745|-74.002|1|1|0
(40.742,-73.99)|40.742|-73.99|8|3|5
(40.794,-73.971)|40.794|-73.971|3|2|1
(40.768,-73.959)|40.768|-73.959|10|5|5
(40.732,-73.982)|40.732|-73.982|23|23|0
(40.766,-73.956)|40.766|-73.956|3|0|3
(40.752,-73.973)|40.752|-73.973|2|0|2
(40.785,-73.969)|40.785|-73.969|8|0|8
(40.77,-73.952)|40.77|-73.952|3|1|2
(40.76,-73.981)|40.76|-73.981|25|6|19
(40.768,-73.989)|40.768|-73.989|3|1|2
(40.775,-73.99)|40.775|-73.99|2|0|2
(40.751,-73.982)|40.751|-73.982|1|0|1
(40.732,-73.988)|40.732|-73.988|18|13|5
(40.762,-73.973)|40.762|-73.973|9|2|7
(40.763,-73.963)|40.763|-73.963|4|1|3
(40.766,-73.981)|40.766|-73.981|2|0|2
(40.757,-73.982)|40.757|-73.982|14|7|7
(40.742,-74.006)|40.742|-74.006|1|1|0
(40.761,-73.969)|40.761|-73.969|26|13|13
(40.76,-73.986)|40.76|-73.986|16|10|6
(40.762,-73.963)|40.762|-73.963|3|0|3
(40.789,-73.967)|40.789|-73.967|2|0|2
(40.75,-73.983)|40.75|-73.983|8|1|7
(40.752,-73.976)|40.752|-73.976|48|24|24
(40.739,-73.985)|40.739|-73.985|7|1|6
(40.761,-73.975)|40.761|-73.975|21|15|6
(40.784,-73.974)|40.784|-73.974|8|5|3
(40.74,-73.999)|40.74|-73.999|3|2|1
(40.788,-73.971)|40.788|-73.971|6|5|1
(40.743,-73.98)|40.743|-73.98|32|21|11
(40.765,-73.964)|40.765|-73.964|25|24|1
(40.763,-73.971)|40.763|-73.971|3|0|3
(40.726,-74.009)|40.726|-74.009|1|1|0
(40.772,-73.982)|40.772|-73.982|31|10|21
